desc: I1 cache:         32768 B, 64 B, 4-way associative
desc: D1 cache:         32768 B, 64 B, 8-way associative
desc: LL cache:         8388608 B, 64 B, 16-way associative
cmd: ./hw1
events: Ir I1mr ILmr Dr D1mr DLmr Dw D1mw DLmw 
fl=/usr/src/debug////////glibc-2.12-2-gc4ccff1/elf/../sysdeps/x86_64/dl-trampoline.S
fn=_dl_runtime_resolve
30 110 2 1 0 0 0 0 0 0
32 110 0 0 0 0 0 110 0 0
33 110 0 0 0 0 0 110 0 0
34 110 1 1 0 0 0 110 0 0
35 110 0 0 0 0 0 110 0 0
36 110 0 0 0 0 0 110 0 0
37 110 0 0 0 0 0 110 0 0
38 110 0 0 0 0 0 110 0 0
39 110 0 0 110 0 0 0 0 0
40 110 0 0 110 0 0 0 0 0
41 110 0 0 0 0 0 110 0 0
42 110 0 0 0 0 0 0 0 0
43 110 0 0 110 0 0 0 0 0
44 110 0 0 110 0 0 0 0 0
45 110 0 0 110 0 0 0 0 0
46 110 0 0 110 0 0 0 0 0
47 110 1 1 110 0 0 0 0 0
48 110 0 0 110 0 0 0 0 0
49 110 0 0 110 0 0 0 0 0
50 110 0 0 0 0 0 0 0 0
52 110 0 0 0 0 0 0 0 0
fl=/usr/src/debug////////glibc-2.12-2-gc4ccff1/io/../sysdeps/unix/syscall-template.S
fn=__write_nocancel
82 90 0 0 18 0 0 0 0 0
fn=access
82 4 1 1 0 0 0 0 0 0
83 1 0 0 1 0 0 0 0 0
84 6 1 1 0 0 0 1 0 0
fn=close
82 24 1 1 0 0 0 0 0 0
83 6 0 0 6 0 0 0 0 0
fn=open
82 104 1 1 0 0 0 0 0 0
83 26 0 0 26 0 0 0 0 0
84 120 0 0 0 0 0 20 0 0
fn=read
82 20 1 1 0 0 0 0 0 0
83 5 0 0 5 0 0 0 0 0
fn=write
82 36 1 1 18 0 0 0 0 0
fl=/usr/src/debug////////glibc-2.12-2-gc4ccff1/misc/../sysdeps/unix/syscall-template.S
fn=mmap
82 95 3 3 0 0 0 0 0 0
83 19 0 0 19 0 0 0 0 0
fn=mprotect
82 36 1 1 0 0 0 0 0 0
83 9 0 0 9 0 0 0 0 0
fn=munmap
82 4 0 0 0 0 0 0 0 0
83 1 0 0 1 0 0 0 0 0
fl=/usr/src/debug////////glibc-2.12-2-gc4ccff1/posix/../sysdeps/unix/syscall-template.S
fn=uname
82 4 1 1 0 0 0 0 0 0
83 1 0 0 1 0 0 0 0 0
fl=/usr/src/debug////////glibc-2.12-2-gc4ccff1/setjmp/../sysdeps/x86_64/bsd-_setjmp.S
fn=_setjmp
34 1 1 1 0 0 0 0 0 0
36 1 0 0 0 0 0 0 0 0
fl=/usr/src/debug////////glibc-2.12-2-gc4ccff1/setjmp/../sysdeps/x86_64/setjmp.S
fn=__sigsetjmp
26 13 2 2 0 0 0 13 0 0
28 13 0 0 0 0 0 0 0 0
29 26 0 0 13 0 0 0 0 0
30 13 0 0 0 0 0 13 1 1
34 13 0 0 0 0 0 13 1 0
35 13 0 0 0 0 0 13 0 0
36 13 1 1 0 0 0 13 0 0
37 13 0 0 0 0 0 13 0 0
38 13 0 0 0 0 0 0 0 0
40 26 0 0 13 0 0 0 0 0
42 13 0 0 0 0 0 13 0 0
43 13 0 0 13 0 0 0 0 0
45 26 1 1 13 0 0 0 0 0
47 13 0 0 0 0 0 13 0 0
51 12 0 0 0 0 0 0 0 0
52 12 0 0 12 0 0 0 0 0
56 1 0 0 0 0 0 0 0 0
fl=/usr/src/debug////////glibc-2.12-2-gc4ccff1/stdlib/../sysdeps/x86_64/lshift.S
fn=__mpn_lshift
26 52 6 1 52 0 0 0 0 0
27 52 0 0 0 0 0 0 0 0
28 52 0 0 0 0 0 0 0 0
29 52 0 0 0 0 0 0 0 0
30 52 6 1 0 0 0 0 0 0
31 52 0 0 0 0 0 0 0 0
32 52 0 0 0 0 0 0 0 0
33 52 0 0 0 0 0 0 0 0
34 52 0 0 0 0 0 0 0 0
35 52 0 0 0 0 0 0 0 0
54 52 1 1 0 0 0 0 0 0
56 52 0 0 0 0 0 0 0 0
57 52 0 0 0 0 0 52 1 1
58 52 0 0 0 0 0 0 0 0
59 52 0 0 52 0 0 0 0 0
fl=/usr/src/debug////////glibc-2.12-2-gc4ccff1/stdlib/../sysdeps/x86_64/mul_1.S
fn=__mpn_mul_1
26 218 4 1 0 0 0 0 0 0
27 218 0 0 0 0 0 0 0 0
28 218 0 0 0 0 0 0 0 0
29 218 0 0 0 0 0 0 0 0
30 218 0 0 0 0 0 0 0 0
32 218 0 0 218 0 0 0 0 0
33 218 0 0 0 0 0 0 0 0
34 218 0 0 0 0 0 0 0 0
35 218 0 0 0 0 0 0 0 0
36 218 0 0 0 0 0 0 0 0
37 218 0 0 0 0 0 218 0 0
38 218 0 0 0 0 0 0 0 0
39 218 0 0 0 0 0 0 0 0
40 218 0 0 0 0 0 0 0 0
41 218 6 1 218 0 0 0 0 0
fl=/usr/src/debug////////glibc-2.12-2-gc4ccff1/stdlib/../sysdeps/x86_64/rshift.S
fn=__mpn_rshift
25 48 0 0 48 0 0 0 0 0
26 48 0 0 0 0 0 0 0 0
27 48 0 0 0 0 0 0 0 0
28 48 0 0 0 0 0 0 0 0
29 48 0 0 0 0 0 0 0 0
30 48 0 0 0 0 0 0 0 0
31 48 0 0 0 0 0 0 0 0
32 48 0 0 0 0 0 0 0 0
33 48 0 0 0 0 0 0 0 0
34 48 1 1 0 0 0 0 0 0
35 48 0 0 0 0 0 0 0 0
36 48 0 0 0 0 0 0 0 0
37 96 0 0 0 0 0 0 0 0
40 48 0 0 48 0 0 0 0 0
41 48 0 0 0 0 0 0 0 0
42 48 0 0 0 0 0 0 0 0
43 48 0 0 0 0 0 0 0 0
44 48 0 0 0 0 0 0 0 0
45 48 0 0 0 0 0 48 0 0
46 48 0 0 0 0 0 0 0 0
58 48 1 1 0 0 0 0 0 0
59 48 0 0 0 0 0 48 0 0
60 48 0 0 0 0 0 0 0 0
61 48 0 0 48 0 0 0 0 0
fl=/usr/src/debug////////glibc-2.12-2-gc4ccff1/string/../sysdeps/x86_64/memchr.S
fn=memchr
25 52 6 1 0 0 0 0 0 0
26 52 0 0 0 0 0 0 0 0
27 52 0 0 0 0 0 0 0 0
28 52 0 0 0 0 0 0 0 0
29 52 6 1 0 0 0 0 0 0
30 52 0 0 0 0 0 0 0 0
31 52 0 0 0 0 0 0 0 0
32 52 0 0 0 0 0 0 0 0
33 52 0 0 52 0 0 0 0 0
34 52 0 0 0 0 0 0 0 0
35 52 0 0 0 0 0 0 0 0
36 52 0 0 0 0 0 0 0 0
37 52 0 0 0 0 0 0 0 0
38 52 0 0 0 0 0 0 0 0
39 52 0 0 0 0 0 0 0 0
40 52 0 0 0 0 0 0 0 0
41 52 0 0 0 0 0 0 0 0
42 52 0 0 0 0 0 0 0 0
43 52 0 0 0 0 0 0 0 0
44 52 0 0 0 0 0 0 0 0
55 52 6 1 0 0 0 0 0 0
56 52 0 0 52 0 0 0 0 0
fl=/usr/src/debug////////glibc-2.12-2-gc4ccff1/string/../sysdeps/x86_64/memcpy.S
fn=memcpy
56 306 2 2 0 0 0 0 0 0
58 306 0 0 0 0 0 0 0 0
60 306 0 0 0 0 0 0 0 0
63 300 0 0 0 0 0 0 0 0
64 300 0 0 0 0 0 0 0 0
66 144 0 0 144 0 0 0 0 0
67 144 0 0 0 0 0 144 3 3
69 144 0 0 0 0 0 0 0 0
70 144 0 0 0 0 0 0 0 0
75 300 0 0 0 0 0 0 0 0
76 300 0 0 0 0 0 0 0 0
78 82 0 0 82 4 0 0 0 0
79 82 0 0 0 0 0 82 3 3
81 82 0 0 0 0 0 0 0 0
82 164 0 0 0 0 0 0 0 0
87 300 1 1 0 0 0 0 0 0
88 300 0 0 0 0 0 0 0 0
90 7 0 0 7 0 0 0 0 0
91 7 0 0 0 0 0 7 0 0
93 7 0 0 0 0 0 0 0 0
94 7 0 0 0 0 0 0 0 0
99 300 1 1 0 0 0 0 0 0
100 300 0 0 0 0 0 0 0 0
102 15 0 0 15 1 0 0 0 0
103 15 0 0 0 0 0 15 4 4
105 15 0 0 0 0 0 0 0 0
106 15 0 0 0 0 0 0 0 0
111 300 0 0 0 0 0 0 0 0
112 383 0 0 0 0 0 0 0 0
117 83 0 0 83 3 1 0 0 0
118 83 0 0 83 1 0 0 0 0
119 83 0 0 0 0 0 83 3 3
120 83 0 0 0 0 0 83 2 2
122 83 0 0 0 0 0 0 0 0
124 83 0 0 0 0 0 0 0 0
125 83 0 0 0 0 0 0 0 0
127 83 0 0 0 0 0 0 0 0
135 300 2 0 300 0 0 0 0 0
143 20 2 2 0 0 0 20 0 0
149 20 0 0 0 0 0 0 0 0
151 20 0 0 0 0 0 0 0 0
152 20 0 0 0 0 0 0 0 0
155 1 0 0 0 0 0 0 0 0
156 2 0 0 0 0 0 0 0 0
161 2 0 0 2 0 0 0 0 0
162 2 0 0 0 0 0 2 0 0
164 2 0 0 0 0 0 0 0 0
166 2 0 0 0 0 0 0 0 0
167 2 0 0 0 0 0 0 0 0
169 3 0 0 0 0 0 0 0 0
178 20 4 2 0 0 0 0 0 0
179 20 0 0 0 0 0 0 0 0
182 20 0 0 0 0 0 0 0 0
183 20 0 0 0 0 0 0 0 0
184 20 0 0 0 0 0 0 0 0
189 31 0 0 0 0 0 0 0 0
191 31 0 0 31 14 1 0 0 0
192 31 0 0 31 0 0 0 0 0
193 31 0 0 31 0 0 0 0 0
194 31 0 0 31 0 0 0 0 0
196 31 0 0 0 0 0 31 11 7
197 31 0 0 0 0 0 31 1 1
198 31 0 0 0 0 0 31 0 0
199 31 0 0 0 0 0 31 0 0
201 31 3 1 0 0 0 0 0 0
202 31 0 0 0 0 0 0 0 0
204 31 0 0 0 0 0 0 0 0
206 18 0 0 0 0 0 0 0 0
208 18 0 0 18 5 0 0 0 0
209 18 0 0 18 0 0 0 0 0
210 18 0 0 18 0 0 0 0 0
211 18 0 0 18 0 0 0 0 0
213 18 0 0 0 0 0 18 11 11
214 18 0 0 0 0 0 18 0 0
215 18 0 0 0 0 0 18 0 0
216 18 0 0 0 0 0 18 0 0
218 18 0 0 0 0 0 0 0 0
219 18 0 0 0 0 0 0 0 0
221 25 0 0 0 0 0 0 0 0
226 20 4 2 0 0 0 0 0 0
232 20 0 0 20 0 0 0 0 0
233 20 0 0 0 0 0 0 0 0
235 6 0 0 6 0 0 0 0 0
fn=mempcpy
56 66 8 2 0 0 0 0 0 0
60 66 0 0 0 0 0 0 0 0
63 66 0 0 0 0 0 0 0 0
64 66 0 0 0 0 0 0 0 0
66 23 0 0 23 1 1 0 0 0
67 23 0 0 0 0 0 23 2 2
69 23 0 0 0 0 0 0 0 0
70 23 0 0 0 0 0 0 0 0
75 66 0 0 0 0 0 0 0 0
76 66 0 0 0 0 0 0 0 0
78 45 0 0 45 0 0 0 0 0
79 45 6 0 0 0 0 45 2 0
81 45 0 0 0 0 0 0 0 0
82 45 0 0 0 0 0 0 0 0
87 66 1 1 0 0 0 0 0 0
88 66 0 0 0 0 0 0 0 0
90 29 0 0 29 0 0 0 0 0
91 29 0 0 0 0 0 29 0 0
93 29 0 0 0 0 0 0 0 0
94 29 0 0 0 0 0 0 0 0
99 66 1 1 0 0 0 0 0 0
100 66 0 0 0 0 0 0 0 0
102 28 0 0 28 0 0 0 0 0
103 28 0 0 0 0 0 28 0 0
105 28 0 0 0 0 0 0 0 0
106 56 0 0 0 0 0 0 0 0
111 66 0 0 0 0 0 0 0 0
112 79 0 0 0 0 0 0 0 0
117 13 5 1 13 1 0 0 0 0
118 13 0 0 13 0 0 0 0 0
119 13 0 0 0 0 0 13 2 2
120 13 0 0 0 0 0 13 0 0
122 13 0 0 0 0 0 0 0 0
124 13 0 0 0 0 0 0 0 0
125 13 0 0 0 0 0 0 0 0
127 13 0 0 0 0 0 0 0 0
133 66 1 1 0 0 0 0 0 0
137 66 0 0 66 0 0 0 0 0
149 8 2 0 0 0 0 0 0 0
151 8 0 0 0 0 0 0 0 0
152 8 0 0 0 0 0 0 0 0
178 8 3 2 0 0 0 0 0 0
179 8 0 0 0 0 0 0 0 0
182 8 0 0 0 0 0 0 0 0
183 8 0 0 0 0 0 0 0 0
184 8 0 0 0 0 0 0 0 0
189 8 0 0 0 0 0 0 0 0
191 8 0 0 8 0 0 0 0 0
192 8 0 0 8 0 0 0 0 0
193 8 0 0 8 0 0 0 0 0
194 8 0 0 8 0 0 0 0 0
196 8 0 0 0 0 0 8 2 2
197 8 0 0 0 0 0 8 0 0
198 8 0 0 0 0 0 8 0 0
199 8 0 0 0 0 0 8 0 0
201 8 2 1 0 0 0 0 0 0
202 8 0 0 0 0 0 0 0 0
204 8 0 0 0 0 0 0 0 0
226 8 3 2 0 0 0 0 0 0
228 8 0 0 0 0 0 0 0 0
fl=/usr/src/debug////////glibc-2.12-2-gc4ccff1/string/../sysdeps/x86_64/memset.S
fn=memset
44 19 2 1 0 0 0 0 0 0
45 19 0 0 0 0 0 0 0 0
46 19 0 0 0 0 0 0 0 0
50 19 0 0 0 0 0 0 0 0
51 19 0 0 0 0 0 0 0 0
52 19 0 0 0 0 0 0 0 0
53 19 0 0 0 0 0 0 0 0
55 19 0 0 0 0 0 0 0 0
56 19 0 0 0 0 0 0 0 0
58 16 0 0 0 0 0 0 0 0
63 16 0 0 0 0 0 0 0 0
64 16 0 0 0 0 0 0 0 0
65 16 2 1 16 6 2 0 0 0
66 16 0 0 0 0 0 0 0 0
67 16 0 0 0 0 0 0 0 0
325 1 0 0 0 0 0 1 0 0
326 1 0 0 0 0 0 1 0 0
327 1 0 0 0 0 0 1 0 0
328 3 1 1 0 0 0 3 0 0
329 4 0 0 0 0 0 4 1 1
330 4 0 0 0 0 0 4 0 0
331 4 0 0 0 0 0 4 0 0
332 4 0 0 0 0 0 4 3 3
333 4 0 0 0 0 0 4 0 0
334 4 0 0 0 0 0 4 0 0
335 4 0 0 0 0 0 4 0 0
336 5 0 0 0 0 0 5 0 0
337 5 0 0 0 0 0 5 1 1
338 8 2 1 0 0 0 8 1 1
339 10 0 0 0 0 0 10 0 0
340 10 0 0 10 0 0 0 0 0
407 1 1 1 0 0 0 1 1 1
408 1 0 0 0 0 0 1 0 0
409 1 0 0 0 0 0 1 1 1
410 1 0 0 0 0 0 1 0 0
411 1 0 0 0 0 0 1 0 0
412 1 0 0 0 0 0 1 0 0
413 3 1 0 0 0 0 3 0 0
414 5 0 0 0 0 0 5 0 0
415 7 0 0 0 0 0 7 0 0
416 9 0 0 0 0 0 9 0 0
417 9 0 0 9 0 0 0 0 0
504 3 1 1 0 0 0 0 0 0
505 3 0 0 0 0 0 0 0 0
506 3 0 0 0 0 0 0 0 0
507 3 0 0 0 0 0 0 0 0
508 3 0 0 0 0 0 0 0 0
509 3 0 0 0 0 0 0 0 0
510 3 0 0 0 0 0 0 0 0
515 3 0 0 0 0 0 0 0 0
516 3 0 0 0 0 0 0 0 0
517 3 0 0 3 1 1 0 0 0
518 3 1 1 0 0 0 0 0 0
519 3 0 0 0 0 0 0 0 0
555 2 0 0 0 0 0 2 2 2
556 2 0 0 0 0 0 0 0 0
593 3 1 1 0 0 0 0 0 0
1214 3 0 0 0 0 0 0 0 0
1215 6 0 0 0 0 0 0 0 0
1219 3 0 0 0 0 0 0 0 0
1220 3 0 0 0 0 0 0 0 0
1221 6 0 0 0 0 0 0 0 0
1226 25 0 0 0 0 0 0 0 0
1228 25 0 0 0 0 0 25 1 1
1229 25 0 0 0 0 0 25 0 0
1230 25 0 0 0 0 0 25 0 0
1231 25 1 1 0 0 0 25 0 0
1232 25 0 0 0 0 0 25 25 25
1233 25 0 0 0 0 0 25 0 0
1234 25 0 0 0 0 0 25 0 0
1235 25 0 0 0 0 0 25 0 0
1236 25 0 0 0 0 0 25 0 0
1237 25 0 0 0 0 0 25 0 0
1238 25 0 0 0 0 0 25 0 0
1239 25 0 0 0 0 0 25 0 0
1240 25 0 0 0 0 0 25 25 25
1241 25 0 0 0 0 0 25 0 0
1242 25 0 0 0 0 0 25 0 0
1243 25 0 0 0 0 0 25 0 0
1245 25 0 0 0 0 0 0 0 0
1247 25 0 0 0 0 0 0 0 0
1250 3 0 0 0 0 0 0 0 0
1251 3 1 1 0 0 0 0 0 0
1257 3 0 0 0 0 0 0 0 0
1258 3 0 0 0 0 0 0 0 0
1259 3 0 0 3 2 2 0 0 0
1260 3 0 0 0 0 0 0 0 0
1261 3 0 0 0 0 0 0 0 0
fl=/usr/src/debug////////glibc-2.12-2-gc4ccff1/string/../sysdeps/x86_64/multiarch/strcmp.S
fn=__strcmp_sse42
230 96 1 1 0 0 0 0 0 0
231 96 0 0 0 0 0 0 0 0
233 96 0 0 0 0 0 0 0 0
234 96 0 0 0 0 0 0 0 0
255 96 0 0 0 0 0 0 0 0
256 96 0 0 0 0 0 0 0 0
257 96 0 0 0 0 0 0 0 0
258 96 0 0 0 0 0 0 0 0
259 96 0 0 96 0 0 0 0 0
260 96 0 0 96 2 0 0 0 0
281 96 0 0 0 0 0 0 0 0
282 96 0 0 0 0 0 0 0 0
283 96 0 0 0 0 0 0 0 0
284 96 0 0 0 0 0 0 0 0
285 96 2 1 0 0 0 0 0 0
286 96 0 0 0 0 0 0 0 0
287 96 0 0 0 0 0 0 0 0
1868 96 9 1 0 0 0 0 0 0
1874 96 0 0 96 0 0 0 0 0
1875 96 0 0 96 0 0 0 0 0
1883 96 0 0 0 0 0 0 0 0
1884 96 0 0 96 0 0 0 0 0
fn=strcasecmp
106 1 1 1 1 1 1 0 0 0
107 1 0 0 0 0 0 0 0 0
108 1 0 0 0 0 0 1 0 0
110 1 1 1 0 0 0 0 0 0
111 1 0 0 1 0 0 0 0 0
112 1 0 0 0 0 0 0 0 0
117 1 0 0 1 0 0 0 0 0
fn=strcmp
89 1 1 1 1 1 0 0 0 0
90 1 0 0 0 0 0 0 0 0
93 1 0 0 0 0 0 0 0 0
94 1 0 0 1 0 0 0 0 0
95 1 0 0 0 0 0 0 0 0
100 1 0 0 1 0 0 0 0 0
fn=strncasecmp
124 1 1 1 1 0 0 0 0 0
125 1 0 0 0 0 0 0 0 0
128 1 1 1 0 0 0 0 0 0
129 1 0 0 1 0 0 0 0 0
130 1 0 0 0 0 0 0 0 0
135 1 0 0 1 0 0 0 0 0
fl=/usr/src/debug////////glibc-2.12-2-gc4ccff1/string/../sysdeps/x86_64/multiarch/strlen-sse4.S
fn=__strlen_sse42
27 17 1 1 0 0 0 0 0 0
28 17 0 0 0 0 0 0 0 0
29 17 0 0 0 0 0 0 0 0
30 17 0 0 0 0 0 0 0 0
31 17 0 0 0 0 0 0 0 0
32 17 0 0 17 2 1 0 0 0
33 17 0 0 0 0 0 0 0 0
34 17 0 0 0 0 0 0 0 0
35 17 0 0 0 0 0 0 0 0
36 17 0 0 0 0 0 0 0 0
37 17 0 0 0 0 0 0 0 0
38 30 1 1 0 0 0 0 0 0
42 15 0 0 15 2 2 0 0 0
43 15 0 0 0 0 0 0 0 0
45 4 0 0 4 0 0 0 0 0
46 4 0 0 0 0 0 0 0 0
48 2 0 0 2 0 0 0 0 0
49 2 0 0 0 0 0 0 0 0
60 11 3 1 0 0 0 0 0 0
61 11 0 0 0 0 0 0 0 0
62 11 0 0 11 0 0 0 0 0
66 2 2 0 0 0 0 0 0 0
67 2 0 0 0 0 0 0 0 0
68 2 0 0 2 0 0 0 0 0
72 2 2 0 0 0 0 0 0 0
73 2 0 0 0 0 0 0 0 0
74 2 0 0 2 0 0 0 0 0
78 2 0 0 0 0 0 0 0 0
79 2 0 0 0 0 0 0 0 0
80 2 0 0 0 0 0 0 0 0
81 2 0 0 2 0 0 0 0 0
fl=/usr/src/debug////////glibc-2.12-2-gc4ccff1/string/../sysdeps/x86_64/multiarch/strlen.S
fn=strlen
32 2 2 1 2 2 0 0 0 0
33 2 0 0 0 0 0 0 0 0
35 2 0 0 0 0 0 0 0 0
36 2 0 0 2 0 0 0 0 0
37 2 0 0 0 0 0 0 0 0
38 2 0 0 0 0 0 0 0 0
39 2 0 0 2 0 0 0 0 0
fl=/usr/src/debug////////glibc-2.12-2-gc4ccff1/string/../sysdeps/x86_64/rtld-strlen.S
fn=strlen
29 24 1 1 0 0 0 0 0 0
30 24 0 0 0 0 0 0 0 0
31 24 0 0 0 0 0 0 0 0
32 24 0 0 0 0 0 0 0 0
34 13 0 0 0 0 0 0 0 0
35 13 0 0 0 0 0 0 0 0
37 54 0 0 54 0 0 0 0 0
38 54 0 0 0 0 0 0 0 0
39 52 0 0 0 0 0 0 0 0
40 52 0 0 0 0 0 0 0 0
41 52 0 0 0 0 0 0 0 0
43 44 1 1 0 0 0 0 0 0
48 27 0 0 27 0 0 0 0 0
49 27 0 0 0 0 0 0 0 0
50 27 0 0 0 0 0 0 0 0
51 27 0 0 0 0 0 0 0 0
54 27 0 0 0 0 0 0 0 0
55 23 0 0 0 0 0 0 0 0
56 23 0 0 0 0 0 0 0 0
57 23 0 0 0 0 0 0 0 0
59 23 0 0 0 0 0 0 0 0
62 18 0 0 18 2 2 0 0 0
63 18 1 1 0 0 0 0 0 0
64 18 0 0 0 0 0 0 0 0
65 18 0 0 0 0 0 0 0 0
68 18 0 0 0 0 0 0 0 0
69 18 0 0 0 0 0 0 0 0
70 18 0 0 0 0 0 0 0 0
71 18 0 0 0 0 0 0 0 0
73 18 0 0 0 0 0 0 0 0
76 14 0 0 14 0 0 0 0 0
77 14 0 0 0 0 0 0 0 0
78 14 0 0 0 0 0 0 0 0
79 14 0 0 0 0 0 0 0 0
82 14 0 0 0 0 0 0 0 0
83 8 0 0 0 0 0 0 0 0
84 8 0 0 0 0 0 0 0 0
85 8 0 0 0 0 0 0 0 0
87 8 0 0 0 0 0 0 0 0
90 7 0 0 7 0 0 0 0 0
91 7 0 0 0 0 0 0 0 0
92 7 0 0 0 0 0 0 0 0
93 7 0 0 0 0 0 0 0 0
96 7 0 0 0 0 0 0 0 0
97 6 0 0 0 0 0 0 0 0
98 6 0 0 0 0 0 0 0 0
99 6 0 0 0 0 0 0 0 0
101 7 0 0 0 0 0 0 0 0
104 22 1 1 0 0 0 0 0 0
106 22 0 0 0 0 0 0 0 0
107 22 0 0 0 0 0 0 0 0
108 19 0 0 0 0 0 0 0 0
110 19 0 0 0 0 0 0 0 0
111 19 0 0 0 0 0 0 0 0
112 13 0 0 0 0 0 0 0 0
114 13 0 0 0 0 0 0 0 0
115 13 0 0 0 0 0 0 0 0
116 10 0 0 0 0 0 0 0 0
118 10 0 0 0 0 0 0 0 0
119 10 0 0 0 0 0 0 0 0
120 8 0 0 0 0 0 0 0 0
122 8 0 0 0 0 0 0 0 0
124 8 0 0 0 0 0 0 0 0
125 8 0 0 0 0 0 0 0 0
126 4 1 1 0 0 0 0 0 0
128 4 0 0 0 0 0 0 0 0
129 4 0 0 0 0 0 0 0 0
130 4 0 0 0 0 0 0 0 0
132 4 0 0 0 0 0 0 0 0
133 4 0 0 0 0 0 0 0 0
134 2 0 0 0 0 0 0 0 0
136 24 0 0 0 0 0 0 0 0
137 24 0 0 24 0 0 0 0 0
fl=/usr/src/debug////////glibc-2.12-2-gc4ccff1/string/../sysdeps/x86_64/strchr.S
fn=index
26 18 1 1 0 0 0 0 0 0
27 18 0 0 0 0 0 0 0 0
28 18 0 0 0 0 0 0 0 0
29 18 0 0 0 0 0 0 0 0
30 18 0 0 0 0 0 0 0 0
31 18 0 0 0 0 0 0 0 0
32 18 0 0 0 0 0 0 0 0
33 18 0 0 18 5 5 0 0 0
34 18 1 1 0 0 0 0 0 0
35 18 0 0 0 0 0 0 0 0
36 18 0 0 0 0 0 0 0 0
37 18 0 0 0 0 0 0 0 0
38 18 0 0 0 0 0 0 0 0
39 18 0 0 0 0 0 0 0 0
40 18 0 0 0 0 0 0 0 0
41 18 0 0 0 0 0 0 0 0
42 18 0 0 0 0 0 0 0 0
43 18 0 0 0 0 0 0 0 0
44 18 0 0 0 0 0 0 0 0
45 18 0 0 0 0 0 0 0 0
46 18 0 0 0 0 0 0 0 0
48 15 0 0 15 1 1 0 0 0
49 15 0 0 0 0 0 0 0 0
50 15 0 0 0 0 0 0 0 0
51 15 0 0 0 0 0 0 0 0
52 15 0 0 0 0 0 0 0 0
53 15 0 0 0 0 0 0 0 0
54 15 0 0 0 0 0 0 0 0
55 15 0 0 0 0 0 0 0 0
56 15 0 0 0 0 0 0 0 0
58 18 0 0 0 0 0 0 0 0
59 18 0 0 0 0 0 0 0 0
60 1 0 0 0 0 0 0 0 0
61 1 0 0 0 0 0 0 0 0
62 1 0 0 0 0 0 0 0 0
63 1 0 0 0 0 0 0 0 0
64 17 0 0 0 0 0 0 0 0
65 18 0 0 18 0 0 0 0 0
fl=/usr/src/debug////////glibc-2.12-2-gc4ccff1/string/../sysdeps/x86_64/strchrnul.S
fn=strchrnul
27 104 1 1 0 0 0 0 0 0
28 104 0 0 0 0 0 0 0 0
29 104 0 0 0 0 0 0 0 0
30 104 0 0 0 0 0 0 0 0
31 104 0 0 0 0 0 0 0 0
32 104 0 0 0 0 0 0 0 0
33 104 0 0 0 0 0 0 0 0
34 104 0 0 104 0 0 0 0 0
35 104 0 0 0 0 0 0 0 0
36 104 0 0 0 0 0 0 0 0
37 104 0 0 0 0 0 0 0 0
38 104 0 0 0 0 0 0 0 0
39 104 1 1 0 0 0 0 0 0
40 104 0 0 0 0 0 0 0 0
41 104 0 0 0 0 0 0 0 0
42 104 0 0 0 0 0 0 0 0
43 104 0 0 0 0 0 0 0 0
44 104 0 0 0 0 0 0 0 0
45 104 0 0 0 0 0 0 0 0
46 104 0 0 0 0 0 0 0 0
58 104 0 0 0 0 0 0 0 0
59 104 0 0 0 0 0 0 0 0
60 104 0 0 104 0 0 0 0 0
fl=/usr/src/debug////////glibc-2.12-2-gc4ccff1/string/../sysdeps/x86_64/strcmp.S
fn=strcmp
135 19247 7 1 19247 170 63 0 0 0
136 19247 0 0 19247 58 11 0 0 0
137 19247 0 0 0 0 0 0 0 0
138 18523 0 0 0 0 0 0 0 0
139 18523 0 0 0 0 0 0 0 0
140 18523 0 0 0 0 0 0 0 0
141 18523 0 0 0 0 0 0 0 0
143 1414 0 0 0 0 0 0 0 0
144 1414 0 0 1414 0 0 0 0 0
146 724 0 0 0 0 0 0 0 0
147 724 0 0 0 0 0 0 0 0
148 724 0 0 0 0 0 0 0 0
149 724 3 1 724 0 0 0 0 0
fl=/usr/src/debug////////glibc-2.12-2-gc4ccff1/string/../sysdeps/x86_64/strlen.S
fn=__GI_strlen
26 110 3 1 0 0 0 0 0 0
27 110 0 0 0 0 0 0 0 0
28 110 0 0 0 0 0 0 0 0
29 110 0 0 0 0 0 0 0 0
30 110 0 0 0 0 0 0 0 0
31 110 0 0 0 0 0 0 0 0
32 92 0 0 92 2 2 0 0 0
33 92 0 0 0 0 0 0 0 0
34 92 0 0 0 0 0 0 0 0
35 92 0 0 0 0 0 0 0 0
36 92 0 0 0 0 0 0 0 0
41 18 0 0 0 0 0 0 0 0
42 18 0 0 0 0 0 0 0 0
43 18 0 0 18 1 1 0 0 0
44 18 0 0 0 0 0 0 0 0
45 18 0 0 0 0 0 0 0 0
46 18 0 0 0 0 0 0 0 0
47 18 1 1 0 0 0 0 0 0
48 18 0 0 0 0 0 0 0 0
49 18 0 0 0 0 0 0 0 0
51 5 0 0 0 0 0 0 0 0
52 5 0 0 0 0 0 0 0 0
53 5 0 0 0 0 0 0 0 0
54 10 0 0 0 0 0 0 0 0
57 5 0 0 5 2 2 0 0 0
58 5 0 0 0 0 0 0 0 0
59 5 0 0 0 0 0 0 0 0
60 5 0 0 0 0 0 0 0 0
78 13 0 0 0 0 0 0 0 0
80 105 6 0 0 0 0 0 0 0
81 105 0 0 0 0 0 0 0 0
82 105 0 0 105 0 0 0 0 0
85 5 1 1 0 0 0 0 0 0
86 5 0 0 0 0 0 0 0 0
87 5 0 0 0 0 0 0 0 0
88 5 0 0 5 0 0 0 0 0
fl=/usr/src/debug////////glibc-2.12-2-gc4ccff1/string/../sysdeps/x86_64/strrchr.S
fn=__GI_strrchr
26 1 1 1 0 0 0 0 0 0
27 1 0 0 0 0 0 0 0 0
28 1 0 0 0 0 0 0 0 0
29 1 0 0 0 0 0 0 0 0
30 1 0 0 0 0 0 0 0 0
31 1 0 0 0 0 0 0 0 0
32 1 0 0 0 0 0 0 0 0
33 1 0 0 1 1 0 0 0 0
34 1 1 1 0 0 0 0 0 0
35 1 0 0 0 0 0 0 0 0
36 1 0 0 0 0 0 0 0 0
37 1 0 0 0 0 0 0 0 0
38 1 0 0 0 0 0 0 0 0
39 1 0 0 0 0 0 0 0 0
40 1 0 0 0 0 0 0 0 0
41 1 0 0 0 0 0 0 0 0
42 1 0 0 0 0 0 0 0 0
43 1 0 0 0 0 0 0 0 0
44 1 0 0 0 0 0 0 0 0
45 1 0 0 0 0 0 0 0 0
46 1 0 0 0 0 0 0 0 0
47 1 0 0 0 0 0 0 0 0
48 1 0 0 0 0 0 0 0 0
50 1 0 0 1 0 0 0 0 0
51 1 0 0 0 0 0 0 0 0
52 1 0 0 0 0 0 0 0 0
53 1 0 0 0 0 0 0 0 0
54 1 0 0 0 0 0 0 0 0
55 1 0 0 0 0 0 0 0 0
56 1 0 0 0 0 0 0 0 0
57 1 0 0 0 0 0 0 0 0
58 1 0 0 0 0 0 0 0 0
59 1 0 0 0 0 0 0 0 0
61 2 1 1 0 0 0 0 0 0
62 2 0 0 0 0 0 0 0 0
63 2 0 0 0 0 0 0 0 0
64 2 0 0 0 0 0 0 0 0
66 1 0 0 0 0 0 0 0 0
67 1 0 0 0 0 0 0 0 0
68 1 0 0 0 0 0 0 0 0
69 1 0 0 0 0 0 0 0 0
71 1 0 0 0 0 0 0 0 0
72 1 0 0 0 0 0 0 0 0
73 1 0 0 0 0 0 0 0 0
74 1 0 0 0 0 0 0 0 0
75 1 0 0 0 0 0 0 0 0
77 1 0 0 1 0 0 0 0 0
fl=/usr/src/debug/glibc-2.12-2-gc4ccff1/csu/../sysdeps/unix/sysv/linux/init-first.c
fn=_init
52 8 1 1 0 0 0 4 0 0
58 4 1 1 1 1 0 1 1 1
67 5 2 2 4 1 0 0 0 0
73 1 0 0 0 0 0 1 1 1
74 1 1 1 0 0 0 1 1 0
75 2 0 0 1 1 0 1 1 1
89 4 0 0 0 0 0 1 0 0
97 1 0 0 0 0 0 1 0 0
99 6 0 0 5 0 0 0 0 0
fl=/usr/src/debug/glibc-2.12-2-gc4ccff1/csu/../sysdeps/unix/sysv/linux/x86_64/init-first.c
fn=_init
33 5 0 0 0 0 0 4 0 0
35 3 0 0 0 0 0 1 0 0
38 3 0 0 0 0 0 0 0 0
40 2 0 0 1 1 0 0 0 0
41 1 0 0 0 0 0 1 0 0
43 3 1 1 0 0 0 1 0 0
44 2 0 0 1 0 0 0 0 0
45 1 0 0 0 0 0 1 1 0
fl=/usr/src/debug/glibc-2.12-2-gc4ccff1/csu/../sysdeps/x86_64/multiarch/init-arch.c
fn=__init_cpu_features
32 7 0 0 0 0 0 4 0 0
38 3 0 0 0 0 0 0 0 0
39 3 1 1 0 0 0 0 0 0
45 1 0 0 0 0 0 1 0 0
53 3 1 1 0 0 0 1 0 0
56 6 1 1 0 0 0 0 0 0
64 1 0 0 0 0 0 1 0 0
65 3 0 0 1 1 1 0 0 0
69 3 0 0 0 0 0 0 0 0
70 2 0 0 0 0 0 0 0 0
75 2 0 0 0 0 0 0 0 0
78 1 1 1 0 0 0 0 0 0
79 8 1 1 0 0 0 0 0 0
102 4 1 1 0 0 0 1 0 0
126 1 0 0 0 0 0 1 0 0
127 1 0 0 0 0 0 1 0 0
129 1 0 0 0 0 0 1 0 0
130 2 0 0 2 0 0 0 0 0
fl=/usr/src/debug/glibc-2.12-2-gc4ccff1/csu/libc-start.c
fn=(below main)
96 10 1 1 0 0 0 8 0 0
106 7 1 1 2 1 0 1 0 0
158 2 0 0 0 0 0 0 0 0
159 4 1 1 0 0 0 1 0 0
181 4 0 0 2 0 0 0 0 0
184 2 0 0 0 0 0 0 0 0
185 5 0 0 4 0 0 1 0 0
189 4 1 1 2 1 0 0 0 0
204 2 0 0 0 0 0 0 0 0
213 2 0 0 0 0 0 1 0 0
214 2 0 0 0 0 0 0 0 0
219 2 0 0 1 1 0 1 0 0
220 2 0 0 1 0 0 1 1 0
223 2 0 0 0 0 0 1 0 0
226 5 0 0 5 2 0 1 0 0
258 2 0 0 0 0 0 1 0 0
fl=/usr/src/debug/glibc-2.12-2-gc4ccff1/elf/../elf/dl-runtime.c
fn=_dl_fixup
73 550 2 1 0 0 0 440 0 0
76 220 0 0 220 1 0 0 0 0
79 550 0 0 220 16 0 0 0 0
80 660 2 1 330 99 0 110 0 0
81 220 0 0 220 14 0 0 0 0
90 220 0 0 110 103 51 0 0 0
94 330 0 0 110 8 0 0 0 0
99 654 2 1 327 81 1 0 0 0
100 329 0 0 109 12 0 0 0 0
108 440 0 0 110 0 0 0 0 0
115 220 2 1 110 1 0 110 0 0
118 1210 0 0 220 6 0 330 0 0
122 330 0 0 110 0 0 0 0 0
126 440 2 1 110 0 0 110 0 0
132 770 0 0 220 0 0 0 0 0
140 110 0 0 110 0 0 0 0 0
147 440 0 0 110 0 0 0 0 0
148 9 2 1 0 0 0 3 0 0
151 330 2 1 110 1 0 0 0 0
155 660 0 0 550 0 0 0 0 0
fl=/usr/src/debug/glibc-2.12-2-gc4ccff1/elf/../elf/dl-sysdep.c
fn=_dl_important_hwcaps
354 12 1 1 0 0 0 10 2 2
356 1 0 0 1 0 0 0 0 0
357 3 0 0 0 0 0 0 0 0
366 2 0 0 1 0 0 0 0 0
376 3 2 2 1 0 0 0 0 0
418 2 1 1 0 0 0 1 0 0
421 9 1 1 0 0 0 0 0 0
451 2 1 1 0 0 0 0 0 0
459 2 1 1 1 0 0 0 0 0
461 3 0 0 1 0 0 1 1 1
462 4 1 1 1 0 0 1 0 0
466 3 0 0 0 0 0 1 0 0
467 1 0 0 0 0 0 1 0 0
473 2 0 0 1 0 0 0 0 0
477 6 0 0 3 0 0 0 0 0
478 2 1 1 1 0 0 0 0 0
496 11 0 0 3 0 0 4 1 1
497 4 1 1 0 0 0 1 0 0
498 2 0 0 0 0 0 0 0 0
502 2 0 0 1 0 0 0 0 0
524 6 0 0 2 0 0 2 0 0
527 2 0 0 1 0 0 0 0 0
529 7 1 1 2 0 0 3 0 0
530 6 0 0 2 0 0 3 0 0
548 1 0 0 0 0 0 0 0 0
555 23 2 2 3 0 0 0 0 0
556 12 0 0 0 0 0 4 0 0
560 10 0 0 1 0 0 0 0 0
563 26 0 0 0 0 0 0 0 0
564 24 1 1 0 0 0 0 0 0
565 16 0 0 8 0 0 4 0 0
567 4 0 0 0 0 0 0 0 0
570 3 0 0 1 0 0 0 0 0
571 1 0 0 0 0 0 0 0 0
572 5 1 1 1 0 0 0 0 0
585 14 1 1 4 0 0 2 0 0
586 2 0 0 0 0 0 0 0 0
588 4 0 0 0 0 0 0 0 0
591 3 0 0 2 0 0 1 0 0
594 9 0 0 7 0 0 0 0 0
fn=_dl_sysdep_start
89 8 1 1 0 0 0 6 0 0
113 1 0 0 0 0 0 1 0 0
114 137 1 1 44 6 6 4 1 1
117 2 0 0 0 0 0 1 1 1
118 1 0 0 0 0 0 1 0 0
120 96 2 2 26 5 5 9 0 0
121 103 1 1 16 3 3 0 0 0
124 2 0 0 1 0 0 0 0 0
127 1 1 1 1 0 0 0 0 0
130 1 1 1 1 0 0 0 0 0
133 1 0 0 1 0 0 0 0 0
154 1 1 1 1 0 0 0 0 0
157 1 0 0 1 0 0 0 0 0
160 1 1 1 1 0 0 0 0 0
163 1 1 1 1 0 0 0 0 0
179 1 0 0 1 0 0 0 0 0
227 3 0 0 0 0 0 2 0 0
229 5 0 0 0 0 0 1 0 0
241 3 0 0 1 0 0 0 0 0
244 5 1 1 1 0 0 1 0 0
246 9 1 0 8 1 0 0 0 0
fn=_dl_sysdep_start_cleanup
252 1 1 0 1 0 0 0 0 0
fl=/usr/src/debug/glibc-2.12-2-gc4ccff1/elf/../misc/sbrk.c
fn=sbrk
35 4 1 1 0 0 0 2 0 0
43 6 0 0 2 1 1 0 0 0
47 2 0 0 0 0 0 0 0 0
58 5 1 1 3 0 0 0 0 0
fl=/usr/src/debug/glibc-2.12-2-gc4ccff1/elf/../sysdeps/unix/sysv/linux/dl-librecon.h
fn=process_envvars
32 3 0 0 0 0 0 1 0 0
fl=/usr/src/debug/glibc-2.12-2-gc4ccff1/elf/../sysdeps/unix/sysv/linux/dl-osinfo.h
fn=dl_main
70 2 0 0 0 0 0 0 0 0
118 2 0 0 1 1 0 1 1 1
127 2 0 0 0 0 0 0 0 0
138 2 0 0 1 0 0 1 0 0
fl=/usr/src/debug/glibc-2.12-2-gc4ccff1/elf/../sysdeps/unix/sysv/linux/dl-sysdep.c
fn=_dl_discover_osversion
67 4 1 1 0 0 0 3 0 0
69 3 1 1 1 0 0 0 0 0
109 6 2 2 0 0 0 1 1 1
121 2 0 0 0 0 0 0 0 0
131 12 0 0 3 1 1 0 0 0
133 9 0 0 0 0 0 0 0 0
135 17 0 0 4 0 0 0 0 0
138 4 0 0 0 0 0 0 0 0
141 3 0 0 0 0 0 0 0 0
142 3 1 1 0 0 0 0 0 0
143 3 0 0 0 0 0 0 0 0
145 14 0 0 0 0 0 0 0 0
150 2 0 0 0 0 0 0 0 0
154 5 0 0 4 0 0 0 0 0
fn=_dl_sysdep_start
36 2 0 0 0 0 0 1 0 0
fl=/usr/src/debug/glibc-2.12-2-gc4ccff1/elf/../sysdeps/unix/sysv/linux/dl-vdso.c
fn=_dl_vdso_vsym
27 2 1 1 0 0 0 0 0 0
28 4 0 0 4 1 0 0 0 0
32 4 0 0 0 0 0 0 0 0
46 2 0 0 0 0 0 0 0 0
50 4 0 0 2 0 0 0 0 0
fl=/usr/src/debug/glibc-2.12-2-gc4ccff1/elf/../sysdeps/unix/sysv/linux/x86_64/brk.c
fn=brk
29 1 1 1 0 0 0 0 0 0
32 5 0 0 0 0 0 1 0 0
34 3 0 0 0 0 0 0 0 0
41 2 0 0 1 0 0 0 0 0
fl=/usr/src/debug/glibc-2.12-2-gc4ccff1/elf/../sysdeps/x86_64/dl-machine.h
fn=_dl_fixup
236 110 0 0 0 0 0 110 0 0
fn=_dl_relocate_object
96 31 1 1 5 0 0 0 0 0
102 10 0 0 10 5 0 0 0 0
106 15 0 0 5 5 4 0 0 0
108 6 1 1 3 0 0 3 3 1
109 9 0 0 0 0 0 3 1 0
111 5 0 0 0 0 0 5 0 0
119 15 0 0 5 0 0 0 0 0
132 10 0 0 0 0 0 5 1 1
135 36 1 1 7 6 1 0 0 0
267 2154 0 0 0 0 0 0 0 0
270 4308 1 1 0 0 0 0 0 0
288 4308 0 0 0 0 0 0 0 0
295 88487 9 9 16421 1166 895 9287 2 0
296 10764 1 1 4284 1 1 12 0 0
299 4284 0 0 0 0 0 0 0 0
300 4284 1 1 2142 0 0 0 0 0
309 12924 1 1 2154 7 3 0 0 0
327 6 1 1 0 0 0 0 0 0
328 6 0 0 3 2 0 3 2 1
335 3 0 0 1 0 0 0 0 0
336 3 0 0 2 0 0 1 0 0
377 30 0 0 10 0 0 0 0 0
381 30 0 0 10 0 0 0 0 0
386 40 0 0 20 2 2 10 5 5
394 4257 1 1 2127 265 265 2127 654 401
430 33 0 0 11 0 0 0 0 0
434 55 1 1 33 2 0 11 0 0
436 55 0 0 33 0 0 0 0 0
448 6 1 1 4 0 0 2 0 0
449 2 0 0 0 0 0 2 0 0
467 4 0 0 2 2 2 1 1 0
475 1516 0 0 758 0 0 0 0 0
476 758 0 0 758 284 284 0 0 0
479 1516 0 0 0 0 0 0 0 0
481 2274 0 0 758 1 0 0 0 0
482 53 0 0 53 6 6 0 0 0
484 3525 1 1 705 0 0 705 88 87
fn=_dl_start
76 2 0 0 1 1 1 0 0 0
fn=_dl_sysdep_start
226 5 1 1 2 1 1 0 0 0
fl=/usr/src/debug/glibc-2.12-2-gc4ccff1/elf/dl-addr.c
fn=_dl_addr
31 2 1 1 1 0 0 1 0 0
32 2 0 0 1 0 0 1 0 0
35 3 0 0 2 0 0 0 0 0
40 2 0 0 2 0 0 0 0 0
41 3 0 0 2 0 0 1 0 0
43 3 0 0 2 1 0 1 0 0
46 2 1 1 1 1 0 0 0 0
51 4046 1 1 2 0 0 0 0 0
53 1011 0 0 1011 62 16 0 0 0
54 2022 0 0 0 0 0 0 0 0
56 3600 0 0 900 0 0 0 0 0
62 23145 2 2 16 0 0 0 0 0
63 2157 0 0 2157 465 411 0 0 0
64 4314 0 0 2157 0 0 0 0 0
65 7692 0 0 4923 341 304 0 0 0
70 1257 0 0 0 0 0 0 0 0
72 10107 0 0 2157 133 74 0 0 0
100 2 1 1 1 1 0 0 0 0
101 2 0 0 1 0 0 1 1 0
102 2 0 0 1 0 0 0 0 0
105 2 0 0 0 0 0 0 0 0
117 1 1 1 0 0 0 1 0 0
118 3 0 0 0 0 0 1 0 0
125 5 0 0 0 0 0 0 0 0
127 11 1 1 0 0 0 8 0 0
132 3 0 0 2 2 0 1 0 0
135 5 1 1 1 0 0 0 0 0
136 19 1 1 6 1 0 0 0 0
137 20 1 1 10 4 0 0 0 0
146 2 1 1 1 1 0 1 0 0
149 9 0 0 7 1 0 0 0 0
fl=/usr/src/debug/glibc-2.12-2-gc4ccff1/elf/dl-cache.c
fn=_dl_cache_libcmp
141 426 0 0 0 0 0 0 0 0
143 627 1 1 0 0 0 0 0 0
145 12 0 0 0 0 0 0 0 0
151 12 0 0 0 0 0 0 0 0
152 12 0 0 0 0 0 0 0 0
153 16 0 0 4 0 0 0 0 0
155 16 1 1 4 0 0 0 0 0
157 8 0 0 0 0 0 0 0 0
163 615 1 1 0 0 0 0 0 0
165 410 0 0 0 0 0 0 0 0
166 140 0 0 35 0 0 0 0 0
169 170 0 0 0 0 0 0 0 0
170 967 1 1 418 33 33 0 0 0
173 8 0 0 0 0 0 0 0 0
174 4 0 0 4 0 0 0 0 0
fn=_dl_load_cache_lookup
183 32 1 1 0 0 0 24 0 0
191 8 0 0 4 0 0 0 0 0
194 12 0 0 4 1 1 0 0 0
197 4 1 1 0 0 0 1 0 0
205 17 0 0 22 2 2 0 0 0
206 4 1 1 1 0 0 0 0 0
210 2 0 0 0 0 0 1 0 0
213 4 0 0 1 0 0 0 0 0
216 2 0 0 0 0 0 1 0 0
217 5 0 0 0 0 0 0 0 0
219 3 1 1 0 0 0 1 0 0
239 8 0 0 0 0 0 0 0 0
245 12 1 1 4 0 0 0 0 0
253 12 1 1 4 0 0 0 0 0
261 20 0 0 8 0 0 0 0 0
273 992 8 8 180 27 27 66 0 0
289 16 1 1 4 0 0 0 0 0
294 36 0 0 28 0 0 0 0 0
fn=_dl_unload_cache
303 1 1 1 0 0 0 0 0 0
304 4 0 0 1 1 0 0 0 0
306 2 0 0 1 0 0 1 0 0
307 1 0 0 0 0 0 1 0 0
309 2 0 0 1 0 0 0 0 0
fl=/usr/src/debug/glibc-2.12-2-gc4ccff1/elf/dl-debug.c
fn=_dl_debug_initialize
52 21 1 1 7 0 0 0 0 0
57 35 1 1 7 2 1 0 0 0
60 1 0 0 0 0 0 1 0 0
61 6 0 0 2 0 0 1 0 0
62 5 0 0 1 0 0 1 0 0
63 2 0 0 0 0 0 1 0 0
67 7 0 0 7 0 0 0 0 0
fn=_dl_debug_state
77 2 0 0 2 0 0 0 0 0
fl=/usr/src/debug/glibc-2.12-2-gc4ccff1/elf/dl-deps.c
fn=_dl_map_object_deps
146 5 1 1 0 0 0 0 0 0
149 11 1 1 0 0 0 9 0 0
150 9 1 1 0 0 0 1 0 0
164 4 0 0 0 0 0 2 0 0
165 2 0 0 0 0 0 2 0 0
166 7 0 0 0 0 0 2 0 0
172 9 1 1 2 0 0 2 0 0
182 8 0 0 0 0 0 1 0 0
183 1 0 0 1 0 0 0 0 0
186 3 0 0 0 0 0 2 0 0
201 3 0 0 2 0 0 1 0 0
203 1 0 0 0 0 0 1 0 0
204 2 0 0 0 0 0 2 0 0
208 7 0 0 7 0 0 0 0 0
213 7 0 0 0 0 0 7 0 0
217 52 2 2 20 2 1 0 0 0
218 6 0 0 6 0 0 0 0 0
219 37 0 0 0 0 0 0 0 0
222 22 0 0 11 0 0 0 0 0
224 15 1 1 10 0 0 5 0 0
229 5 0 0 0 0 0 5 0 0
230 5 0 0 0 0 0 5 0 0
231 10 0 0 5 0 0 5 0 0
232 10 0 0 5 0 0 5 0 0
235 546 0 0 141 1 0 5 0 0
236 252 1 1 0 0 0 0 0 0
242 88 1 1 22 0 0 11 1 1
244 11 0 0 0 0 0 11 0 0
247 66 0 0 44 0 0 11 0 0
249 33 1 1 11 0 0 0 0 0
264 11 0 0 11 0 0 0 0 0
266 22 0 0 11 0 0 0 0 0
271 15 0 0 0 0 0 0 0 0
274 5 0 0 0 0 0 5 0 0
275 5 0 0 0 0 0 5 0 0
276 5 0 0 0 0 0 5 0 0
277 10 1 1 5 0 0 5 0 0
279 5 0 0 5 0 0 0 0 0
281 30 0 0 5 0 0 10 0 0
285 22 0 0 0 0 0 0 0 0
286 21 0 0 0 0 0 7 0 0
288 460 1 1 0 0 0 0 0 0
338 8 2 2 0 0 0 4 0 0
466 14 1 1 0 0 0 0 0 0
468 15 0 0 0 0 0 5 0 0
470 20 0 0 0 0 0 5 0 0
472 10 0 0 0 0 0 0 0 0
475 5 0 0 0 0 0 5 0 0
476 30 0 0 0 0 0 5 0 0
477 25 0 0 0 0 0 5 0 0
480 5 0 0 0 0 0 5 0 0
481 5 0 0 5 0 0 0 0 0
485 42 1 1 14 0 0 0 0 0
487 7 0 0 7 0 0 0 0 0
488 53 1 1 7 0 0 7 0 0
492 4 0 0 1 0 0 0 0 0
493 2 0 0 1 0 0 1 0 0
496 5 0 0 2 0 0 1 0 0
507 5 1 1 1 0 0 1 0 0
509 2 0 0 0 0 0 0 0 0
514 5 1 1 2 0 0 1 0 0
515 8 0 0 3 0 0 2 0 0
517 22 0 0 7 0 0 1 0 0
523 35 1 1 14 0 0 7 2 2
527 14 0 0 14 0 0 0 0 0
530 2 0 0 1 0 0 0 0 0
583 4 1 1 2 0 0 0 0 0
619 8 1 1 3 0 0 2 0 0
621 4 1 1 1 0 0 1 0 0
626 7 2 2 0 0 0 0 0 0
627 18 0 0 1 0 0 3 0 0
631 12 0 0 6 0 0 0 0 0
632 12 0 0 6 0 0 0 0 0
638 52 1 1 11 0 0 0 0 0
640 60 0 0 30 0 0 0 0 0
641 35 0 0 0 0 0 0 0 0
643 99 0 0 33 0 0 0 0 0
644 69 0 0 0 0 0 0 0 0
652 4 0 0 2 0 0 1 0 0
666 15 1 1 0 0 0 0 0 0
669 23 0 0 6 0 0 0 0 0
672 51 2 2 16 0 0 15 0 0
679 2 0 0 1 0 0 1 0 0
681 2 0 0 1 0 0 1 0 0
682 1 0 0 1 0 0 0 0 0
690 2 0 0 1 0 0 0 0 0
693 2 0 0 1 0 0 0 0 0
696 8 0 0 7 0 0 0 0 0
fn=openaux
62 22 1 1 0 0 0 11 0 0
65 132 1 1 55 0 0 22 0 0
69 11 0 0 11 0 0 0 0 0
70 22 0 0 22 0 0 0 0 0
fl=/usr/src/debug/glibc-2.12-2-gc4ccff1/elf/dl-environ.c
fn=_dl_next_ld_env_entry
31 3 1 1 3 0 0 0 0 0
34 132 1 1 43 0 0 0 0 0
36 104 0 0 51 21 21 0 0 0
39 2 0 0 0 0 0 0 0 0
42 4 0 0 0 0 0 2 0 0
44 2 0 0 2 0 0 0 0 0
47 40 0 0 0 0 0 0 0 0
51 1 0 0 1 0 0 0 0 0
fl=/usr/src/debug/glibc-2.12-2-gc4ccff1/elf/dl-error.c
fn=_dl_catch_error
160 84 1 1 0 0 0 72 3 3
169 12 0 0 0 0 0 12 0 0
171 24 1 1 12 0 0 24 0 0
172 24 0 0 12 0 0 12 0 0
174 48 0 0 0 0 0 12 0 0
175 24 0 0 0 0 0 0 0 0
177 36 0 0 12 0 0 12 0 0
178 24 0 0 24 0 0 12 0 0
179 36 1 1 24 0 0 12 0 0
180 24 0 0 12 0 0 12 0 0
181 24 0 0 12 0 0 12 0 0
182 24 0 0 12 0 0 12 0 0
192 48 0 0 24 0 0 0 0 0
fn=_dl_receive_error
198 10 1 1 0 0 0 6 0 0
199 2 1 1 1 0 0 1 0 0
203 1 0 0 1 0 0 0 0 0
204 1 0 0 1 0 0 0 0 0
207 1 0 0 0 0 0 1 0 0
208 1 0 0 0 0 0 1 0 0
210 2 0 0 0 0 0 1 0 0
212 1 0 0 0 0 0 1 0 0
213 1 0 0 0 0 0 1 0 0
214 8 0 0 7 0 0 0 0 0
fl=/usr/src/debug/glibc-2.12-2-gc4ccff1/elf/dl-fini.c
fn=_dl_fini
133 11 2 2 0 0 0 7 0 0
155 12 0 0 2 1 0 1 0 0
158 2 1 1 1 1 0 1 0 0
161 1 0 0 1 1 0 0 0 0
164 4 0 0 0 0 0 0 0 0
166 5 1 1 2 0 0 0 0 0
177 5 0 0 0 0 0 1 0 0
179 2 1 1 0 0 0 0 0 0
182 8 1 1 1 0 0 1 0 0
193 26 0 0 7 1 0 0 0 0
195 14 0 0 7 2 0 0 0 0
199 21 1 1 7 0 0 7 0 0
200 7 0 0 0 0 0 7 5 0
201 7 0 0 0 0 0 0 0 0
205 7 0 0 7 1 0 0 0 0
212 4 0 0 2 0 0 1 0 0
221 2 0 0 1 0 0 1 0 0
225 35 2 2 9 0 0 1 0 0
227 14 0 0 14 0 0 0 0 0
229 21 0 0 7 0 0 0 0 0
232 14 0 0 0 0 0 7 0 0
235 33 2 2 13 11 0 0 0 0
239 12 0 0 6 0 0 0 0 0
246 12 0 0 0 0 0 0 0 0
250 4 0 0 2 1 0 1 0 0
252 3 0 0 2 0 0 0 0 0
253 8 0 0 1 0 0 0 0 0
254 4 0 0 2 1 0 2 0 0
258 18 1 1 6 1 0 0 0 0
259 15 0 0 10 4 0 5 0 0
264 35 0 0 7 1 0 0 0 0
280 7 0 0 7 0 0 0 0 0
285 6 0 0 1 0 0 0 0 0
291 2 0 0 1 0 0 0 0 0
298 8 0 0 7 0 0 0 0 0
fn=_dl_sort_fini
34 12 2 1 0 0 0 9 0 0
36 2 0 0 0 0 0 0 0 0
41 3 0 0 0 0 0 0 0 0
42 7 0 0 0 0 0 0 0 0
43 9 0 0 0 0 0 2 0 0
47 12 1 1 6 0 0 0 0 0
48 12 0 0 6 0 0 0 0 0
52 30 0 0 12 0 0 0 0 0
58 10 1 1 8 0 0 1 0 0
59 47 1 1 0 0 0 0 0 0
61 60 0 0 30 2 0 0 0 0
62 35 0 0 0 0 0 0 0 0
64 99 0 0 33 4 0 0 0 0
65 69 0 0 0 0 0 0 0 0
82 4 0 0 1 0 0 1 0 0
95 45 1 1 15 0 0 0 0 0
116 15 0 0 0 0 0 0 0 0
120 24 0 0 6 0 0 0 0 0
123 51 0 0 15 0 0 15 0 0
127 8 0 0 7 0 0 0 0 0
fl=/usr/src/debug/glibc-2.12-2-gc4ccff1/elf/dl-init.c
fn=_dl_init
37 24 2 2 8 0 0 0 0 0
43 14 0 0 0 0 0 7 0 0
46 32 1 1 14 5 0 0 0 0
51 20 1 1 7 3 0 0 0 0
56 10 1 1 5 0 0 0 0 0
64 10 1 1 0 0 0 0 0 0
70 32 0 0 11 5 0 6 0 0
74 5 0 0 5 3 0 0 0 0
75 10 0 0 0 0 0 0 0 0
93 11 1 1 0 0 0 6 0 0
94 1 0 0 1 1 0 0 0 0
95 1 0 0 1 0 0 0 0 0
98 3 1 1 1 0 0 0 0 0
101 2 1 1 0 0 0 1 0 0
105 2 0 0 0 0 0 0 0 0
132 2 0 0 1 0 0 0 0 0
133 23 0 0 0 0 0 0 0 0
134 21 0 0 14 1 0 0 0 0
140 8 2 2 7 0 0 0 0 0
fl=/usr/src/debug/glibc-2.12-2-gc4ccff1/elf/dl-load.c
fn=_dl_init_paths
633 9 2 2 0 0 0 6 0 0
648 6 0 0 2 0 0 2 0 0
652 4 0 0 0 0 0 2 0 0
654 2 0 0 0 0 0 0 0 0
661 5 1 1 1 0 0 0 0 0
665 5 0 0 0 0 0 2 0 0
668 3 0 0 2 0 0 0 0 0
674 1 0 0 0 0 0 1 0 0
675 3 0 0 2 0 0 1 0 0
683 4 0 0 0 0 0 2 0 0
685 4 0 0 0 0 0 2 0 0
686 2 0 0 0 0 0 2 0 0
688 2 0 0 0 0 0 2 2 2
689 4 0 0 2 1 1 2 0 0
690 2 0 0 0 0 0 0 0 0
694 72 2 2 0 0 0 0 0 0
695 10 1 1 0 0 0 8 1 1
697 17 2 2 3 0 0 4 0 0
703 1 0 0 0 0 0 1 1 1
704 1 0 0 0 0 0 1 0 0
708 1 1 1 1 0 0 0 0 0
709 2 0 0 0 0 0 0 0 0
713 3 0 0 1 0 0 0 0 0
727 1 0 0 0 0 0 1 0 0
729 3 1 1 1 0 0 0 0 0
740 2 1 1 0 0 0 1 0 0
745 4 1 1 1 0 0 0 0 0
753 5 0 0 0 0 0 1 0 0
755 11 1 1 0 0 0 2 0 0
772 109 0 0 35 0 0 0 0 0
774 34 1 1 0 0 0 0 0 0
775 68 0 0 0 0 0 0 0 0
776 34 0 0 0 0 0 0 0 0
779 2 0 0 0 0 0 2 0 0
781 2 0 0 0 0 0 0 0 0
787 7 1 1 1 0 0 1 0 0
791 3 0 0 2 0 0 0 0 0
797 1 0 0 0 0 0 1 0 0
801 8 0 0 7 0 0 0 0 0
fn=_dl_map_object
610 36 2 2 12 0 0 0 0 0
1984 156 2 2 0 0 0 96 6 6
1995 219 0 0 61 0 0 0 0 0
2000 280 1 1 56 0 0 0 0 0
2003 280 0 0 0 0 0 56 4 4
2007 196 0 0 49 0 0 0 0 0
2008 49 1 1 49 0 0 0 0 0
2011 84 0 0 84 0 0 0 0 0
2013 196 1 1 28 0 0 56 0 0
2026 20 1 1 5 0 0 5 0 0
2027 5 1 1 0 0 0 0 0 0
2035 10 0 0 0 0 0 0 0 0
2036 5 0 0 5 0 0 0 0 0
2059 5 0 0 0 0 0 5 0 0
2061 25 0 0 0 0 0 5 0 0
2065 16 1 1 0 0 0 8 0 0
2067 8 0 0 4 0 0 0 0 0
2074 16 0 0 4 0 0 0 0 0
2078 8 0 0 4 0 0 4 0 0
2083 28 2 2 8 0 0 0 0 0
2084 12 1 1 4 0 0 0 0 0
2086 56 1 1 0 0 0 24 0 0
2098 28 1 1 8 0 0 0 0 0
2100 12 0 0 8 0 0 0 0 0
2109 12 1 1 4 0 0 0 0 0
2110 64 1 1 12 0 0 16 0 0
2116 16 1 1 4 0 0 0 0 0
2123 16 1 1 0 0 0 4 0 0
2129 12 0 0 0 0 0 4 0 0
2131 8 0 0 0 0 0 0 0 0
2135 12 1 1 4 0 0 0 0 0
2144 8 0 0 4 0 0 0 0 0
2171 36 1 1 4 0 0 4 0 0
2174 8 0 0 0 0 0 0 0 0
2176 16 0 0 0 0 0 12 0 0
2177 12 0 0 4 0 0 0 0 0
2196 8 1 1 4 0 0 0 0 0
2202 3 1 1 1 0 0 1 0 0
2203 4 0 0 0 0 0 1 0 0
2205 2 0 0 0 0 0 0 0 0
2209 10 1 1 1 0 0 1 0 0
2212 2 0 0 0 0 0 0 0 0
2223 15 0 0 0 0 0 0 0 0
2226 10 0 0 0 0 0 0 0 0
2270 10 0 0 5 0 0 5 0 0
2271 60 1 1 10 0 0 20 0 0
2273 108 0 0 84 0 0 0 0 0
fn=_dl_map_object_from_fd
836 70 2 2 0 0 0 45 2 2
847 20 1 1 5 0 0 10 1 1
851 30 0 0 5 0 0 5 0 0
862 95 0 0 30 0 0 0 0 0
863 95 1 1 50 1 1 0 0 0
880 10 1 1 5 0 0 0 0 0
905 10 0 0 5 0 0 0 0 0
915 10 1 1 5 0 0 0 0 0
919 10 0 0 0 0 0 5 0 0
937 25 0 0 10 0 0 5 0 0
972 40 0 0 20 0 0 5 0 0
973 10 1 1 0 0 0 0 0 0
984 10 0 0 5 0 0 5 3 3
985 20 0 0 10 0 0 10 0 0
986 10 0 0 5 0 0 5 0 0
988 20 1 1 5 0 0 0 0 0
989 20 0 0 10 0 0 0 0 0
990 10 0 0 0 0 0 0 0 0
995 5 0 0 0 0 0 5 0 0
1012 40 0 0 5 0 0 0 0 0
1020 357 2 2 5 0 0 0 0 0
1021 286 1 1 39 0 0 0 0 0
1027 15 0 0 5 0 0 5 0 0
1028 20 0 0 5 0 0 5 0 0
1032 6 0 0 2 0 0 2 0 0
1033 2 0 0 0 0 0 0 0 0
1038 50 1 1 20 0 0 0 0 0
1044 60 1 1 20 0 0 0 0 0
1045 10 0 0 0 0 0 0 0 0
1051 30 0 0 20 0 0 0 0 0
1062 40 0 0 10 0 0 0 0 0
1063 30 0 0 0 0 0 10 3 3
1064 70 1 1 30 0 0 10 0 0
1066 30 0 0 20 0 0 10 1 1
1067 30 0 0 20 0 0 10 0 0
1068 40 0 0 20 0 0 10 1 1
1072 45 1 1 5 0 0 5 0 0
1077 90 1 1 10 0 0 10 0 0
1088 10 0 0 0 0 0 0 0 0
1091 6 0 0 2 0 0 0 0 0
1095 2 0 0 0 0 0 2 2 2
1096 4 1 1 2 0 0 2 0 0
1097 6 0 0 2 0 0 0 0 0
1100 8 0 0 2 0 0 2 0 0
1101 4 0 0 2 0 0 2 1 1
1104 4 0 0 2 0 0 2 0 0
1108 4 1 1 0 0 0 0 0 0
1111 4 0 0 2 0 0 0 0 0
1114 8 0 0 2 0 0 4 2 2
1115 2 0 0 0 0 0 0 0 0
1119 40 0 0 5 0 0 10 0 0
1169 10 0 0 5 0 0 5 0 0
1170 5 0 0 0 0 0 0 0 0
1173 9 0 0 3 0 0 3 1 1
1174 9 0 0 3 0 0 3 0 0
1178 20 1 1 5 0 0 0 0 0
1191 35 1 1 10 0 0 5 0 0
1193 10 0 0 5 0 0 0 0 0
1212 45 1 1 20 0 0 15 2 2
1216 15 0 0 5 0 0 0 0 0
1223 15 0 0 5 0 0 5 0 0
1224 10 1 1 5 0 0 5 0 0
1226 10 0 0 0 0 0 0 0 0
1232 40 2 2 10 0 0 5 0 0
1236 10 0 0 5 0 0 0 0 0
1259 55 0 0 5 0 0 0 0 0
1261 20 0 0 0 0 0 0 0 0
1263 60 0 0 30 0 0 5 0 0
1271 30 0 0 10 0 0 0 0 0
1272 15 2 2 10 0 0 5 0 0
1274 35 0 0 10 1 1 0 0 0
1276 21 0 0 15 0 0 0 0 0
1277 15 1 1 3 0 0 0 0 0
1279 12 0 0 0 0 0 3 0 0
1281 40 1 1 20 0 0 0 0 0
1287 10 0 0 5 0 0 0 0 0
1288 5 0 0 0 0 0 0 0 0
1289 25 0 0 5 0 0 0 0 0
1290 10 0 0 0 0 0 0 0 0
1297 10 0 0 0 0 0 0 0 0
1300 10 0 0 0 0 0 0 0 0
1311 40 1 1 0 0 0 20 0 0
1312 30 0 0 20 0 0 0 0 0
1317 10 0 0 0 0 0 0 0 0
1321 16 1 1 2 0 0 2 0 0
1324 4 0 0 0 0 0 0 0 0
1332 10 1 1 0 0 0 0 0 0
1336 15 1 1 5 0 0 0 0 0
1345 10 0 0 5 0 0 5 0 0
1351 15 0 0 5 0 0 0 0 0
1367 15 1 1 5 0 0 0 0 0
1386 10 0 0 5 0 0 5 0 0
1388 25 0 0 10 0 0 0 0 0
1439 15 0 0 5 2 2 0 0 0
1440 4 0 0 2 0 0 2 0 0
1443 20 1 1 5 0 0 5 0 0
1451 10 0 0 5 0 0 0 0 0
1454 15 0 0 10 0 0 5 0 0
1456 10 0 0 5 0 0 0 0 0
1472 10 1 1 0 0 0 5 0 0
1476 20 0 0 10 0 0 0 0 0
1494 10 0 0 5 0 0 0 0 0
1495 2 1 1 0 0 0 1 0 0
1498 10 0 0 5 0 0 5 0 0
1499 10 0 0 5 0 0 5 0 0
1503 10 0 0 5 0 0 0 0 0
1509 15 0 0 5 0 0 5 0 0
1513 10 0 0 0 0 0 0 0 0
1514 5 0 0 5 0 0 0 0 0
1533 45 0 0 35 0 0 0 0 0
fn=expand_dynamic_string_token
162 3 0 0 0 0 0 1 0 0
163 2 0 0 0 0 0 1 0 0
165 2 0 0 0 0 0 0 0 0
168 4 0 0 0 0 0 0 0 0
317 10 2 2 0 0 0 6 0 0
327 5 0 0 0 0 0 1 1 1
342 7 1 1 6 0 0 0 0 0
fn=fillin_rpath
385 4 0 0 0 0 0 0 0 0
387 16 1 1 0 0 0 10 0 0
391 18 1 1 3 0 0 3 0 0
394 6 0 0 0 0 0 2 0 0
398 5 0 0 0 0 0 0 0 0
405 4 1 1 1 0 0 0 0 0
410 3 0 0 0 0 0 1 0 0
413 4 0 0 0 0 0 0 0 0
442 21 1 1 7 0 0 0 0 0
443 10 0 0 5 0 0 0 0 0
461 6 1 1 2 0 0 2 0 0
464 10 1 1 4 0 0 2 0 0
467 4 0 0 0 0 0 0 0 0
471 6 0 0 2 0 0 2 2 2
473 10 1 1 0 0 0 6 0 0
474 4 0 0 2 0 0 2 0 0
476 4 0 0 2 0 0 0 0 0
477 1 0 0 0 0 0 1 0 0
482 8 0 0 2 1 1 0 0 0
483 56 3 3 4 0 0 2 0 0
484 18 1 1 0 0 0 2 0 0
486 4 0 0 2 0 0 2 0 0
487 4 0 0 2 0 0 0 0 0
492 4 1 1 0 0 0 2 0 0
494 4 1 1 2 0 0 2 0 0
495 2 0 0 0 0 0 2 0 0
498 6 0 0 0 0 0 2 0 0
503 1 0 0 0 0 0 1 0 0
506 9 1 1 7 0 0 0 0 0
fn=local_strdup
161 16 2 2 0 0 0 8 0 0
162 8 0 0 0 0 0 4 0 0
163 8 0 0 0 0 0 4 0 0
165 8 0 0 0 0 0 0 0 0
168 16 0 0 0 0 0 0 0 0
169 12 0 0 8 0 0 0 0 0
fn=open_path
1835 56 2 2 0 0 0 48 0 0
1836 8 0 0 4 0 0 4 0 0
1842 12 0 0 0 0 0 0 0 0
1847 48 1 1 12 0 0 8 0 0
1859 24 1 1 8 0 0 8 0 0
1866 40 0 0 24 0 0 16 1 1
1867 232 0 0 24 0 0 0 0 0
1870 64 1 1 32 0 0 0 0 0
1873 20 0 0 20 0 0 0 0 0
1874 220 1 1 120 0 0 40 0 0
1880 40 0 0 20 0 0 0 0 0
1883 160 0 0 100 0 0 20 0 0
1885 60 1 1 20 0 0 0 0 0
1887 8 1 1 0 0 0 0 0 0
1892 16 1 1 8 0 0 0 0 0
1893 24 1 1 12 0 0 0 0 0
1899 24 0 0 8 0 0 8 0 0
1901 8 0 0 0 0 0 0 0 0
1902 16 1 1 8 0 0 4 0 0
1904 8 0 0 0 0 0 4 0 0
1911 84 0 0 4 0 0 0 0 0
1913 48 0 0 0 0 0 0 0 0
1922 12 0 0 0 0 0 4 0 0
1952 32 0 0 4 0 0 0 0 0
1957 8 0 0 8 0 0 0 0 0
1959 48 0 0 28 0 0 0 0 0
1962 12 1 1 4 0 0 0 0 0
1972 12 0 0 0 0 0 0 0 0
1976 36 0 0 28 0 0 0 0 0
fn=open_verify
1581 350 2 2 0 0 0 200 1 1
1617 123 0 0 25 0 0 0 0 0
1638 150 1 1 0 0 0 50 2 2
1639 50 0 0 0 0 0 0 0 0
1649 5 0 0 0 0 0 5 0 0
1650 50 1 1 10 0 0 15 1 1
1657 20 0 0 10 0 0 0 0 0
1673 153 2 2 154 1 1 6 0 0
1675 5 0 0 5 0 0 0 0 0
1733 10 0 0 5 0 0 0 0 0
1738 10 0 0 5 0 0 0 0 0
1740 15 0 0 5 0 0 0 0 0
1746 10 1 1 5 0 0 0 0 0
1753 25 0 0 5 1 1 0 0 0
1754 20 0 0 5 0 0 0 0 0
1755 5 0 0 0 0 0 0 0 0
1765 6 1 1 3 0 0 0 0 0
1770 260 1 1 0 0 0 0 0 0
1771 89 1 1 42 5 5 0 0 0
1775 25 0 0 15 0 0 0 0 0
1776 15 0 0 0 0 0 0 0 0
1785 97 1 1 114 1 1 0 0 0
1790 35 0 0 10 0 0 0 0 0
1792 15 0 0 0 0 0 0 0 0
1797 2 0 0 0 0 0 0 0 0
1798 2 0 0 0 0 0 0 0 0
1801 4 0 0 0 0 0 0 0 0
1804 6 1 1 2 0 0 0 0 0
1805 4 0 0 2 0 0 0 0 0
1806 10 0 0 2 0 0 0 0 0
1807 14 0 0 2 0 0 0 0 0
1808 2 0 0 2 0 0 0 0 0
1821 225 1 1 175 0 0 0 0 0
fl=/usr/src/debug/glibc-2.12-2-gc4ccff1/elf/dl-lookup.c
fn=_dl_lookup_symbol_x
474 212720 2 1 51555 1352 1138 0 0 0
475 251275 0 0 0 0 0 0 0 0
713 18200 4 2 0 0 0 11700 3 0
715 2600 0 0 0 0 0 1300 0 0
716 2600 0 0 0 0 0 2600 0 0
719 1300 0 0 1300 1 0 0 0 0
728 6500 2 1 3900 8 0 1300 0 0
734 13060 0 0 3912 0 0 2600 0 0
736 19500 3 2 9100 0 0 9100 2 0
739 2600 0 0 0 0 0 0 0 0
742 24 0 0 0 0 0 0 0 0
767 2600 0 0 0 0 0 0 0 0
769 84 1 1 24 0 0 0 0 0
786 24 0 0 0 0 0 12 0 0
787 12 1 1 0 0 0 0 0 0
790 9016 1 1 2576 0 0 0 0 0
791 2576 0 0 1288 0 0 0 0 0
826 2576 0 0 0 0 0 0 0 0
829 2576 0 0 1288 0 0 0 0 0
840 3864 0 0 1288 10 0 0 0 0
841 2 1 1 0 0 0 1 0 0
843 3864 0 0 1288 0 0 0 0 0
848 1288 1 1 0 0 0 1288 0 0
849 1288 0 0 1288 0 0 0 0 0
850 10400 0 0 9100 0 0 0 0 0
1012 1288 0 0 1288 0 0 0 0 0
fn=_dl_setup_hash
862 21 1 1 7 0 0 0 0 0
867 7 0 0 7 0 0 0 0 0
870 14 0 0 7 7 7 7 0 0
871 7 0 0 7 0 0 0 0 0
872 7 0 0 7 3 3 0 0 0
875 14 0 0 0 0 0 7 0 0
876 21 0 0 7 0 0 7 0 0
878 7 0 0 0 0 0 7 0 0
879 21 0 0 0 0 0 0 0 0
881 7 1 1 0 0 0 7 0 0
883 35 0 0 0 0 0 7 0 0
884 7 0 0 7 0 0 0 0 0
fn=check_match.12444
133 7734 2 1 0 0 0 5156 3 0
134 2578 0 0 1289 88 39 0 0 0
136 7732 1 1 2577 148 103 0 0 0
138 3867 2 1 1289 0 0 0 0 0
148 3864 0 0 1288 0 0 1288 14 0
151 3432 2 1 1716 0 0 214 1 0
155 2576 0 0 2576 3 0 0 0 0
156 3864 0 0 1288 0 0 0 0 0
158 2572 0 0 0 0 0 0 0 0
177 2572 1 1 2572 64 6 0 0 0
178 11659 0 0 2589 2 0 0 0 0
179 5093 0 0 3824 30 0 1269 1 0
206 4 0 0 0 0 0 0 0 0
208 20 0 0 4 2 0 0 0 0
209 4 0 0 2 0 0 0 0 0
215 2 0 0 0 0 0 0 0 0
224 9023 2 1 6445 0 0 0 0 0
fn=do_lookup_x
78 14233 4 2 5289 0 0 7847 2 0
83 15600 4 1 2600 0 0 9100 5 0
84 1300 0 0 1300 0 0 0 0 0
90 1300 0 0 1300 0 0 0 0 0
96 4249 0 0 0 0 0 4249 0 0
97 4249 0 0 0 0 0 4249 0 0
99 12747 0 0 8498 20 0 4249 0 0
102 8498 0 0 0 0 0 0 0 0
106 8564 2 1 4282 0 0 0 0 0
110 8476 0 0 4238 17 0 0 0 0
114 8476 0 0 4238 1 0 0 0 0
121 12714 0 0 4238 11 0 0 0 0
125 12714 0 0 8476 43 0 4238 0 0
126 12714 2 1 8476 5 0 4238 0 0
227 8476 0 0 8476 0 0 0 0 0
228 8476 0 0 0 0 0 0 0 0
231 2600 0 0 0 0 0 0 0 0
232 12714 2 1 8476 649 104 0 0 0
234 2600 7 1 0 0 0 0 0 0
235 16952 0 0 4238 0 0 0 0 0
236 4238 0 0 0 0 0 0 0 0
238 16952 0 0 0 0 0 0 0 0
239 12714 0 0 0 0 0 0 0 0
242 8688 6 2 4344 554 125 0 0 0
243 2896 0 0 0 0 0 0 0 0
245 9912 0 0 1416 0 0 0 0 0
248 18255 0 0 3651 1020 287 0 0 0
250 7734 2 1 2578 0 0 1289 0 0
251 11601 2 1 1289 0 0 6445 0 0
252 13400 3 1 5157 0 0 0 0 0
255 6961 0 0 0 0 0 0 0 0
259 2950 0 0 0 0 0 2950 0 0
273 1300 0 0 0 0 0 0 0 0
283 5900 0 0 2950 0 0 0 0 0
288 6568 1 1 1288 0 0 0 0 0
292 5210 1 1 910 0 0 1240 0 0
305 2576 0 0 1288 0 0 1288 0 0
306 5152 0 0 2576 0 0 1288 0 0
307 1336 1 1 0 0 0 48 0 0
318 590 0 0 0 0 0 0 0 0
319 637 1 1 118 0 0 0 0 0
322 402 0 0 201 59 58 0 0 0
324 118 0 0 0 0 0 118 0 0
325 214 1 1 0 0 0 118 0 0
326 240 0 0 50 0 0 0 0 0
328 4 0 0 2 0 0 2 0 0
329 16 1 1 2 0 0 6 0 0
333 166 1 1 48 0 0 118 0 0
334 118 0 0 0 0 0 118 0 0
336 472 0 0 118 0 0 0 0 0
339 83 0 0 0 0 0 0 0 0
346 285 0 0 0 0 0 0 0 0
347 141 0 0 0 0 0 0 0 0
352 144 0 0 96 0 0 48 0 0
354 336 1 1 48 2 0 96 0 0
356 144 0 0 48 2 1 0 0 0
357 144 0 0 48 0 0 0 0 0
358 96 0 0 0 0 0 0 0 0
360 188 0 0 0 0 0 0 0 0
361 371 1 1 0 0 0 47 0 0
364 254 1 1 0 0 0 0 0 0
365 127 0 0 127 45 26 0 0 0
370 127 0 0 127 0 0 0 0 0
373 334 0 0 0 0 0 0 0 0
377 278 0 0 0 0 0 0 0 0
378 126 0 0 0 0 0 0 0 0
381 517 1 1 141 0 0 0 0 0
388 6 1 1 0 0 0 2 0 0
390 8 0 0 0 0 0 2 0 0
391 6 0 0 0 0 0 0 0 0
395 4 0 0 0 0 0 2 0 0
398 378 0 0 4 0 0 2 0 0
399 276 1 1 92 21 1 0 0 0
400 210 0 0 210 0 0 0 0 0
404 14 1 1 4 0 0 2 0 0
405 2 0 0 0 0 0 2 0 0
407 4 0 0 0 0 0 2 0 0
408 10 0 0 2 2 0 2 0 0
424 2 1 1 0 0 0 0 0 0
434 4 0 0 0 0 0 1 0 0
435 2 0 0 0 0 0 0 0 0
438 1 0 0 0 0 0 1 0 0
439 1 0 0 0 0 0 1 0 0
440 5 1 1 1 1 0 2 0 0
443 192 1 1 192 0 0 0 0 0
445 240 0 0 96 0 0 0 0 0
447 144 0 0 144 0 0 48 0 0
449 48 0 0 0 0 0 0 0 0
459 18370 2 1 3664 0 0 0 0 0
460 4046 3 2 3094 1 0 952 2 0
463 8895 0 0 0 0 0 0 0 0
467 10400 0 0 9100 0 0 0 0 0
fl=/usr/src/debug/glibc-2.12-2-gc4ccff1/elf/dl-minimal.c
fn=__libc_memalign
53 160 1 1 0 0 0 80 0 0
54 159 0 0 79 3 0 0 0 0
59 5 0 0 0 0 0 1 0 0
60 2 1 1 1 0 0 0 0 0
65 160 1 1 0 0 0 40 0 0
68 260 0 0 0 0 0 0 0 0
72 20 0 0 5 0 0 0 0 0
73 15 0 0 0 0 0 0 0 0
79 35 0 0 0 0 0 5 1 1
81 10 0 0 0 0 0 0 0 0
84 15 0 0 10 0 0 0 0 0
85 20 0 0 0 0 0 5 0 0
88 40 1 1 0 0 0 40 3 0
89 40 0 0 0 0 0 40 0 0
91 160 0 0 120 0 0 0 0 0
fn=calloc
108 34 0 0 0 0 0 0 0 0
111 85 1 1 0 0 0 0 0 0
115 34 0 0 0 0 0 0 0 0
fn=free
121 2 1 1 0 0 0 0 0 0
123 4 0 0 2 0 0 0 0 0
130 4 0 0 2 0 0 0 0 0
fn=malloc
95 39 1 1 0 0 0 0 0 0
96 78 0 0 0 0 0 0 0 0
fn=strsep
325 5 1 1 5 0 0 0 0 0
326 10 0 0 0 0 0 0 0 0
330 512 1 1 87 0 0 0 0 0
335 330 0 0 0 0 0 0 0 0
337 656 0 0 164 0 0 0 0 0
339 2 1 1 0 0 0 0 0 0
341 2 0 0 0 0 0 1 0 0
345 82 0 0 0 0 0 0 0 0
348 3 0 0 0 0 0 3 0 0
352 5 0 0 5 0 0 0 0 0
fl=/usr/src/debug/glibc-2.12-2-gc4ccff1/elf/dl-misc.c
fn=_dl_higher_prime_number
358 4 0 0 0 0 0 0 0 0
360 27 1 1 3 0 0 0 0 0
362 74 0 0 0 0 0 0 0 0
363 40 0 0 10 2 1 0 0 0
364 3 0 0 0 0 0 0 0 0
fn=_dl_name_match_p
301 1745 2 1 0 0 0 698 0 0
302 1396 2 1 349 4 0 349 5 2
305 349 0 0 349 0 0 0 0 0
307 1739 0 0 0 0 0 0 0 0
308 1815 0 0 363 26 0 363 0 0
311 346 0 0 346 0 0 0 0 0
314 1396 1 1 1047 0 0 0 0 0
fn=_dl_sysdep_read_whole_file
44 7 1 1 0 0 0 4 0 0
47 4 0 0 0 0 0 1 0 0
48 3 1 1 0 0 0 0 0 0
50 6 0 0 0 0 0 1 0 0
52 2 0 0 1 0 0 1 0 0
55 2 0 0 0 0 0 0 0 0
57 9 1 1 0 0 0 1 0 0
68 2 0 0 0 0 0 1 0 0
71 7 0 0 5 0 0 0 0 0
fl=/usr/src/debug/glibc-2.12-2-gc4ccff1/elf/dl-object.c
fn=_dl_add_to_namespace_list
33 30 2 2 0 0 0 12 0 0
35 12 0 0 6 0 0 6 0 0
37 41 0 0 6 0 0 0 0 0
40 80 0 0 20 0 0 0 0 0
42 5 0 0 0 0 0 5 0 0
44 5 0 0 0 0 0 5 0 0
47 2 0 0 0 0 0 1 0 0
48 18 1 1 6 0 0 0 0 0
49 12 0 0 6 0 0 6 0 0
50 6 0 0 6 0 0 0 0 0
52 18 0 0 6 0 0 0 0 0
53 18 0 0 12 0 0 0 0 0
fn=_dl_new_object
60 5 0 0 0 0 0 0 0 0
62 78 1 1 0 0 0 54 1 1
64 18 0 0 0 0 0 6 0 0
70 18 2 2 12 1 1 0 0 0
71 60 0 0 0 0 0 0 0 0
77 30 0 0 0 0 0 12 0 0
80 18 0 0 6 0 0 0 0 0
83 6 0 0 0 0 0 6 5 5
84 12 1 1 0 0 0 6 6 6
87 12 0 0 0 0 0 6 2 2
89 30 0 0 6 0 0 18 4 4
91 12 0 0 6 0 0 6 0 0
93 6 1 1 0 0 0 6 0 0
94 36 0 0 12 6 6 6 0 0
97 12 0 0 6 0 0 0 0 0
98 12 1 1 0 0 0 6 6 6
99 6 0 0 0 0 0 6 0 0
103 6 0 0 0 0 0 6 0 0
106 44 2 1 0 0 0 0 0 0
108 32 0 0 0 0 0 16 4 4
118 12 0 0 0 0 0 6 2 2
119 6 1 1 0 0 0 6 6 6
124 48 0 0 6 1 1 0 0 0
126 20 0 0 0 0 0 5 2 2
129 13 0 0 0 0 0 0 0 0
133 16 1 1 5 0 0 0 0 0
137 37 1 1 6 0 0 0 0 0
145 1 1 1 0 0 0 1 1 1
148 12 0 0 0 0 0 6 0 0
151 18 0 0 6 0 0 0 0 0
153 20 1 1 0 0 0 10 0 0
157 10 0 0 0 0 0 0 0 0
161 15 0 0 0 0 0 5 0 0
162 20 0 0 0 0 0 0 0 0
207 20 1 1 5 0 0 5 0 0
212 84 0 0 0 0 0 0 0 0
213 247 0 0 84 0 0 0 0 0
215 10 0 0 0 0 0 0 0 0
218 10 0 0 0 0 0 5 0 0
221 5 0 0 0 0 0 5 1 1
223 6 0 0 2 0 0 0 0 0
228 54 1 1 42 0 0 0 0 0
fl=/usr/src/debug/glibc-2.12-2-gc4ccff1/elf/dl-profstub.c
fn=_dl_mcount_wrapper_check
39 384 2 2 256 0 0 0 0 0
40 128 0 0 128 0 0 0 0 0
fl=/usr/src/debug/glibc-2.12-2-gc4ccff1/elf/dl-reloc.c
fn=_dl_protect_relro
322 8 0 0 0 0 0 4 0 0
323 8 0 0 8 1 0 0 0 0
324 16 1 1 4 0 0 0 0 0
326 8 0 0 4 0 0 0 0 0
328 16 0 0 0 0 0 0 0 0
329 12 0 0 0 0 0 4 0 0
335 8 0 0 8 0 0 0 0 0
fn=_dl_relocate_object
156 14 0 0 0 0 0 7 0 0
158 77 2 2 0 0 0 56 0 0
168 14 0 0 0 0 0 0 0 0
172 14 0 0 0 0 0 0 0 0
173 35 0 0 7 1 0 7 0 0
179 14 0 0 7 0 0 0 0 0
185 42 2 2 21 6 0 0 0 0
189 14 0 0 7 0 0 0 0 0
197 21 1 1 7 3 0 7 0 0
242 21 0 0 14 0 0 7 0 0
268 317 3 3 138 13 0 73 0 0
271 21 0 0 7 0 0 0 0 0
299 7 1 1 7 0 0 0 0 0
302 14 0 0 7 0 0 0 0 0
315 14 0 0 7 3 0 0 0 0
316 12 0 0 0 0 0 4 0 0
317 56 0 0 49 2 0 0 0 0
fl=/usr/src/debug/glibc-2.12-2-gc4ccff1/elf/dl-tls.c
fn=_dl_add_to_slotinfo
843 12 1 1 0 0 0 8 0 0
849 2 1 1 2 0 0 0 0 0
852 4 0 0 2 2 0 0 0 0
857 6 0 0 2 2 0 0 0 0
898 6 0 0 0 0 0 2 1 0
899 6 1 1 2 2 0 2 0 0
900 12 1 1 10 0 0 0 0 0
fn=_dl_allocate_tls_init
402 8 1 1 0 0 0 7 0 0
403 2 0 0 0 0 0 0 0 0
407 1 0 0 1 1 0 0 0 0
415 5 1 1 2 0 0 0 0 0
420 12 0 0 1 1 0 0 0 0
426 17 1 1 0 0 0 0 0 0
429 2 1 1 2 1 0 0 0 0
430 4 0 0 0 0 0 0 0 0
437 6 0 0 2 0 0 0 0 0
439 6 0 0 2 1 0 0 0 0
453 6 0 0 2 0 0 0 0 0
461 6 0 0 2 0 0 2 1 1
462 6 0 0 2 0 0 2 0 0
463 26 1 1 12 1 0 6 0 0
477 1 1 1 0 0 0 1 1 0
480 9 0 0 8 0 0 0 0 0
fn=_dl_allocate_tls_storage
321 2 0 0 1 0 0 0 0 0
322 3 1 1 0 0 0 1 0 0
323 2 0 0 0 0 0 0 0 0
326 1 0 0 0 0 0 1 0 0
332 2 0 0 0 0 0 1 0 0
354 3 1 1 0 0 0 3 0 0
356 1 0 0 1 0 0 0 0 0
367 4 0 0 1 0 0 1 0 0
368 2 0 0 0 0 0 0 0 0
375 1 0 0 0 0 0 0 0 0
379 307 1 1 0 0 0 288 37 37
396 5 0 0 4 0 0 0 0 0
fn=_dl_count_modids
116 2 1 1 1 0 0 0 0 0
117 3 2 2 2 0 0 0 0 0
fn=_dl_determine_tlsoffset
138 4 1 1 0 0 0 4 0 0
149 1 0 0 1 0 0 0 0 0
183 17 0 0 3 1 1 0 0 0
188 10 2 2 4 0 0 0 0 0
190 4 0 0 0 0 0 0 0 0
192 10 0 0 2 0 0 0 0 0
204 4 0 0 0 0 0 0 0 0
208 10 0 0 0 0 0 0 0 0
210 4 0 0 0 0 0 0 0 0
211 4 0 0 0 0 0 0 0 0
220 4 1 1 0 0 0 2 0 0
223 1 0 0 0 0 0 1 0 0
224 5 1 1 0 0 0 1 0 0
275 1 0 0 0 0 0 1 0 0
276 5 0 0 5 0 0 0 0 0
fn=_dl_next_tls_modid
57 6 1 0 4 0 0 0 0 0
105 4 0 0 0 0 0 2 0 0
109 2 0 0 2 0 0 0 0 0
fl=/usr/src/debug/glibc-2.12-2-gc4ccff1/elf/dl-version.c
fn=_dl_check_all_versions
387 7 1 1 0 0 0 4 0 0
391 26 0 0 7 0 0 0 0 0
392 56 0 0 7 0 0 0 0 0
393 28 1 1 0 0 0 7 0 0
396 7 0 0 5 0 0 0 0 0
fn=_dl_check_map_versions
62 180 1 1 30 0 0 0 0 0
63 45 0 0 45 0 0 0 0 0
64 275 0 0 0 0 0 55 0 0
69 5 1 1 0 0 0 0 0 0
180 77 1 1 0 0 0 56 0 0
195 21 0 0 7 0 0 0 0 0
197 14 1 1 7 0 0 7 0 0
199 14 0 0 7 0 0 7 0 0
200 14 0 0 7 0 0 7 0 0
202 14 0 0 0 0 0 0 0 0
205 20 0 0 10 0 0 5 0 0
209 15 1 1 10 4 4 0 0 0
219 20 0 0 0 0 0 0 0 0
226 30 0 0 20 0 0 10 0 0
234 30 1 1 10 0 0 0 0 0
239 40 0 0 20 1 1 0 0 0
243 411 1 1 222 7 6 42 0 0
254 63 0 0 21 0 0 0 0 0
259 22 0 0 0 0 0 0 0 0
263 40 1 1 20 0 0 0 0 0
268 15 0 0 0 0 0 5 0 0
269 11 1 1 0 0 0 0 0 0
277 14 0 0 7 0 0 0 0 0
280 236 0 0 69 1 1 0 0 0
286 162 0 0 54 0 0 0 0 0
290 98 0 0 0 0 0 0 0 0
294 14 1 1 0 0 0 0 0 0
299 24 1 1 0 0 0 12 0 0
300 6 0 0 0 0 0 0 0 0
301 12 0 0 0 0 0 0 0 0
309 6 0 0 0 0 0 6 0 0
312 18 0 0 12 1 0 6 0 0
314 12 0 0 6 0 0 0 0 0
317 25 1 1 20 0 0 0 0 0
321 30 0 0 10 0 0 0 0 0
324 42 0 0 21 0 0 0 0 0
326 63 1 1 0 0 0 0 0 0
328 126 0 0 42 0 0 21 11 11
329 63 0 0 21 0 0 21 0 0
330 63 0 0 21 0 0 21 2 2
331 63 1 1 21 0 0 21 0 0
334 63 0 0 21 0 0 0 0 0
339 33 0 0 11 0 0 0 0 0
342 30 0 0 10 0 0 0 0 0
347 15 0 0 5 0 0 0 0 0
348 5 0 0 0 0 0 0 0 0
352 12 0 0 6 0 0 0 0 0
355 25 1 1 20 0 0 0 0 0
359 54 0 0 54 0 0 0 0 0
361 108 0 0 54 0 0 0 0 0
366 343 0 0 147 0 0 49 14 14
367 196 0 0 49 0 0 49 0 0
368 49 0 0 0 0 0 49 4 4
371 167 0 0 54 0 0 0 0 0
375 98 0 0 0 0 0 0 0 0
381 63 0 0 49 0 0 0 0 0
fn=match_symbol
82 273 1 1 0 0 0 147 0 0
83 42 1 1 42 0 0 0 0 0
91 42 0 0 21 0 0 0 0 0
97 63 0 0 21 0 0 0 0 0
115 42 0 0 42 1 0 0 0 0
120 242 1 1 121 15 15 0 0 0
134 242 0 0 121 7 7 0 0 0
139 189 2 2 63 2 2 42 0 0
146 300 0 0 100 6 6 0 0 0
150 200 0 0 0 0 0 0 0 0
173 21 0 0 0 0 0 0 0 0
174 147 0 0 147 0 0 0 0 0
fl=/usr/src/debug/glibc-2.12-2-gc4ccff1/elf/do-rel.h
fn=_dl_relocate_object
57 14 0 0 0 0 0 0 0 0
58 14 0 0 0 0 0 0 0 0
59 14 0 0 14 1 0 0 0 0
65 28 0 0 0 0 0 0 0 0
68 2293 0 0 0 0 0 0 0 0
75 21 1 1 14 0 0 7 0 0
76 7 1 1 7 6 1 0 0 0
77 69 0 0 6 5 0 0 0 0
79 7 0 0 0 0 0 0 0 0
91 21 0 0 0 0 0 0 0 0
101 22 1 1 5 4 1 0 0 0
104 8 1 1 0 0 0 0 0 0
111 21 0 0 7 5 0 0 0 0
115 12 0 0 6 2 0 6 0 0
117 6471 1 1 2151 0 0 0 0 0
119 10755 0 0 6453 1158 696 0 0 0
120 14316 2 2 4302 2 0 2151 0 0
122 4302 0 0 4302 0 0 0 0 0
127 15 2 2 3 0 0 2 0 0
128 21 0 0 6 1 1 3 0 0
129 6 0 0 6 0 0 0 0 0
fl=/usr/src/debug/glibc-2.12-2-gc4ccff1/elf/dynamic-link.h
fn=_dl_map_object_from_fd
113 10 1 1 0 0 0 0 0 0
117 5 0 0 0 0 0 0 0 0
119 375 0 0 125 36 36 0 0 0
121 240 1 1 0 0 0 0 0 0
126 165 0 0 0 0 0 0 0 0
127 91 0 0 0 0 0 27 14 14
128 52 1 1 0 0 0 0 0 0
129 80 0 0 0 0 0 80 15 15
131 57 1 1 0 0 0 0 0 0
132 37 0 0 0 0 0 8 6 6
134 25 0 0 0 0 0 0 0 0
135 25 0 0 0 0 0 5 0 0
137 120 0 0 0 0 0 0 0 0
144 15 1 1 5 0 0 0 0 0
164 3 0 0 1 0 0 0 0 0
165 4 0 0 2 0 0 0 0 0
166 4 0 0 2 0 0 0 0 0
167 4 0 0 2 0 0 0 0 0
169 4 1 1 2 0 0 0 0 0
174 4 0 0 2 0 0 0 0 0
175 3 0 0 1 1 1 0 0 0
176 4 0 0 2 0 0 0 0 0
211 15 1 1 5 2 2 0 0 0
216 3 0 0 1 0 0 1 0 0
218 2 0 0 0 0 0 0 0 0
220 2 0 0 0 0 0 0 0 0
222 2 0 0 0 0 0 0 0 0
223 1 0 0 0 0 0 1 0 0
225 15 1 1 5 0 0 0 0 0
227 4 0 0 2 0 0 2 0 0
229 4 0 0 0 0 0 0 0 0
230 1 0 0 0 0 0 1 0 0
232 10 0 0 5 0 0 0 0 0
fn=_dl_start
119 70 1 1 24 7 7 0 0 0
121 44 1 1 0 0 0 0 0 0
122 15 0 0 0 0 0 14 4 4
126 33 0 0 0 0 0 0 0 0
127 17 0 0 0 0 0 5 3 3
128 12 1 1 0 0 0 0 0 0
131 13 0 0 0 0 0 0 0 0
132 9 0 0 0 0 0 2 2 2
134 5 1 1 0 0 0 0 0 0
135 5 0 0 0 0 0 1 1 1
137 22 0 0 0 0 0 0 0 0
144 2 0 0 0 0 0 0 0 0
fn=dl_main
104 1 0 0 1 0 0 0 0 0
113 2 0 0 0 0 0 0 0 0
117 1 0 0 0 0 0 0 0 0
119 69 0 0 23 7 7 0 0 0
121 44 1 1 0 0 0 0 0 0
126 17 1 1 0 0 0 0 0 0
127 11 0 0 0 0 0 3 2 2
128 4 1 1 0 0 0 0 0 0
129 18 0 0 0 0 0 18 3 3
131 5 1 1 0 0 0 0 0 0
132 1 0 0 0 0 0 0 0 0
134 5 0 0 0 0 0 0 0 0
135 5 1 1 0 0 0 1 0 0
137 22 0 0 0 0 0 0 0 0
144 3 0 0 1 0 0 0 0 0
211 3 1 1 1 0 0 0 0 0
225 3 1 1 1 0 0 0 0 0
232 2 0 0 1 0 0 0 0 0
fl=/usr/src/debug/glibc-2.12-2-gc4ccff1/elf/rtld.c
fn=_dl_initial_error_catch_tsd
796 26 0 0 13 0 0 0 0 0
fn=_dl_start
288 68 3 3 1 1 1 1 0 0
300 2 1 1 0 0 0 1 1 1
301 2 0 0 0 0 0 1 0 0
302 2 0 0 0 0 0 1 1 1
303 2 0 0 0 0 0 1 0 0
304 2 0 0 0 0 0 1 0 0
325 5 0 0 0 0 0 1 1 1
329 1 0 0 0 0 0 1 0 0
335 4 2 1 0 0 0 1 0 0
344 1 0 0 0 0 0 0 0 0
347 1 0 0 1 1 0 0 0 0
351 2 0 0 1 0 0 0 0 0
365 9 2 2 0 0 0 6 1 1
383 5 0 0 0 0 0 1 1 1
409 1 0 0 0 0 0 1 1 1
412 3 0 0 1 1 1 1 0 0
540 2 0 0 1 0 0 0 0 0
547 1 1 1 1 1 1 0 0 0
572 9 1 0 7 2 0 0 0 0
fn=dl_main
851 1 0 0 1 0 0 0 0 0
853 1 1 1 0 0 0 1 0 0
859 2 0 0 1 0 0 0 0 0
864 1 0 0 0 0 0 1 0 0
866 1 0 0 0 0 0 1 0 0
872 1 0 0 0 0 0 1 0 0
888 12 2 2 0 0 0 8 2 2
907 2 0 0 0 0 0 1 0 0
910 2 0 0 0 0 0 1 1 1
914 2 0 0 0 0 0 1 0 0
915 2 1 1 0 0 0 1 0 0
920 2 0 0 0 0 0 1 1 1
923 2 0 0 0 0 0 1 1 1
930 3 0 0 1 0 0 0 0 0
1109 8 1 1 0 0 0 1 0 0
1112 1 1 1 0 0 0 1 1 1
1113 2 0 0 1 0 0 1 0 0
1114 2 0 0 1 0 0 1 0 0
1118 5 0 0 1 0 0 1 0 0
1140 1 0 0 0 0 0 1 0 0
1141 1 1 1 0 0 0 1 0 0
1143 1 0 0 0 0 0 1 0 0
1145 1 0 0 1 0 0 0 0 0
1148 31 0 0 0 0 0 0 0 0
1149 63 1 1 8 4 4 0 0 0
1153 3 1 1 1 0 0 1 0 0
1154 1 0 0 0 0 0 0 0 0
1158 3 1 1 2 0 0 1 0 0
1159 1 0 0 0 0 0 0 0 0
1167 3 1 1 2 1 1 1 1 1
1170 2 1 1 0 0 0 1 0 0
1177 3 0 0 1 0 0 0 0 0
1203 10 0 0 4 0 0 0 0 0
1204 2 0 0 2 1 1 0 0 0
1205 4 0 0 2 0 0 0 0 0
1206 2 0 0 1 0 0 1 0 0
1209 4 0 0 2 1 1 0 0 0
1210 4 0 0 2 0 0 0 0 0
1211 2 0 0 0 0 0 2 0 0
1212 6 0 0 3 0 0 0 0 0
1213 2 0 0 0 0 0 1 0 0
1240 2 1 1 1 0 0 1 0 0
1241 1 0 0 0 0 0 0 0 0
1245 2 0 0 0 0 0 0 0 0
1251 3 0 0 1 1 1 0 0 0
1254 2 1 1 1 0 0 0 0 0
1256 2 0 0 1 0 0 0 0 0
1258 3 1 1 1 0 0 0 0 0
1271 5 0 0 1 0 0 0 0 0
1272 6 0 0 4 0 0 1 0 0
1277 1 0 0 0 0 0 1 0 0
1279 1 1 1 0 0 0 1 0 0
1280 1 0 0 0 0 0 1 0 0
1283 3 0 0 1 0 0 1 0 0
1289 2 0 0 0 0 0 0 0 0
1294 2 1 1 0 0 0 1 0 0
1297 2 0 0 1 0 0 0 0 0
1317 4 0 0 1 0 0 1 0 0
1409 9 2 2 1 0 0 2 0 0
1414 2 0 0 1 0 0 1 0 0
1417 4 1 1 1 0 0 2 0 0
1419 1 0 0 0 0 0 1 0 0
1424 2 0 0 1 0 0 0 0 0
1427 4 1 1 2 0 0 1 0 0
1428 4 0 0 1 0 0 1 0 0
1429 2 0 0 0 0 0 1 0 0
1430 1 0 0 0 0 0 1 0 0
1431 1 0 0 1 0 0 0 0 0
1432 1 0 0 1 0 0 0 0 0
1437 2 1 1 1 0 0 0 0 0
1438 4 0 0 1 0 0 1 0 0
1442 1 0 0 1 0 0 0 0 0
1443 2 0 0 1 0 0 0 0 0
1445 1 0 0 0 0 0 1 0 0
1446 2 0 0 1 1 1 1 1 1
1450 3 1 1 1 0 0 0 0 0
1451 4 0 0 0 0 0 0 0 0
1452 4 0 0 1 1 1 0 0 0
1454 2 0 0 1 0 0 1 1 1
1455 2 0 0 1 0 0 1 0 0
1460 2 1 1 1 0 0 0 0 0
1465 4 0 0 1 0 0 0 0 0
1642 2 0 0 0 0 0 2 0 0
1650 3 0 0 1 0 0 0 0 0
1653 2 0 0 1 0 0 1 0 0
1657 3 1 1 1 0 0 0 0 0
1662 2 0 0 1 0 0 1 0 0
1663 1 0 0 0 0 0 1 0 0
1664 1 0 0 0 0 0 0 0 0
1668 3 0 0 1 0 0 0 0 0
1687 4 1 1 1 0 0 0 0 0
1694 62 1 1 50 0 0 2 0 0
1697 4 1 1 0 0 0 2 0 0
1700 12 0 0 0 0 0 2 0 0
1701 4 0 0 2 0 0 0 0 0
1704 6 1 1 0 0 0 1 0 0
1706 1 0 0 0 0 0 0 0 0
1708 12 1 1 3 0 0 1 0 0
1718 5 0 0 0 0 0 1 0 0
1795 5 0 0 2 0 0 0 0 0
1799 9 1 1 0 0 0 0 0 0
1803 3 0 0 0 0 0 1 0 0
1804 1 1 1 1 0 0 0 0 0
1805 3 0 0 0 0 0 0 0 0
1812 3 0 0 0 0 0 0 0 0
1813 7 1 1 1 0 0 1 0 0
1814 1 0 0 0 0 0 0 0 0
1816 9 0 0 1 0 0 1 0 0
1819 19 1 1 2 0 0 0 0 0
1820 29 0 0 15 0 0 0 0 0
1823 3 0 0 2 0 0 1 0 0
1824 3 1 1 1 0 0 0 0 0
1825 1 0 0 0 0 0 1 0 0
1827 17 1 1 0 0 0 0 0 0
1828 34 0 0 7 0 0 0 0 0
1840 2 0 0 1 0 0 1 0 0
1841 2 1 1 1 0 0 0 0 0
1843 5 0 0 1 0 0 1 0 0
1847 2 0 0 0 0 0 0 0 0
1848 1 0 0 1 0 0 0 0 0
1859 1 0 0 0 0 0 0 0 0
1862 2 0 0 0 0 0 1 0 0
1863 4 1 1 1 0 0 1 0 0
1874 4 0 0 1 0 0 1 0 0
1875 4 1 1 1 0 0 1 0 0
1876 4 0 0 0 0 0 1 0 0
1886 2 0 0 1 1 0 1 0 0
1887 2 0 0 0 0 0 0 0 0
1888 3 0 0 0 0 0 1 0 0
1890 2 0 0 1 0 0 0 0 0
1895 2 1 1 1 0 0 0 0 0
2124 3 0 0 1 0 0 0 0 0
2180 2 1 1 0 0 0 1 0 0
2184 4 1 1 2 0 0 2 0 0
2188 2 0 0 1 0 0 1 0 0
2236 3 0 0 1 0 0 0 0 0
2243 2 1 1 1 0 0 0 0 0
2246 29 0 0 7 0 0 0 0 0
2249 3 0 0 0 0 0 1 0 0
2255 14 0 0 14 3 0 0 0 0
2257 16 0 0 0 0 0 0 0 0
2259 1 1 1 0 0 0 1 0 0
2260 1 0 0 1 0 0 0 0 0
2262 7 0 0 7 0 0 0 0 0
2264 21 1 1 0 0 0 0 0 0
2265 42 0 0 12 5 0 6 0 0
2269 18 0 0 9 2 0 0 0 0
2270 4 0 0 0 0 0 2 0 0
2272 7 1 1 7 0 0 0 0 0
2274 14 0 0 0 0 0 0 0 0
2275 1 0 0 0 0 0 0 0 0
2277 8 0 0 1 1 0 1 0 0
2283 2 0 0 1 0 0 0 0 0
2292 4 1 1 2 0 0 0 0 0
2294 1 0 0 1 0 0 0 0 0
2299 2 0 0 0 0 0 1 0 0
2303 2 0 0 1 0 0 0 0 0
2314 4 1 1 1 0 0 0 0 0
2329 3 1 1 0 0 0 0 0 0
2331 1 0 0 1 0 0 0 0 0
2332 5 0 0 1 0 0 1 0 0
2333 1 0 0 0 0 0 0 0 0
2335 10 1 1 1 0 0 1 0 0
2343 1 0 0 0 0 0 1 0 0
2347 3 0 0 1 0 0 0 0 0
2367 4 1 1 0 0 0 1 0 0
2368 1 0 0 0 0 0 1 0 0
2369 1 0 0 0 0 0 1 0 0
2370 1 0 0 0 0 0 0 0 0
2374 1 0 0 0 0 0 1 0 0
2379 8 0 0 7 2 0 0 0 0
fn=do_preload
802 6 1 1 0 0 0 3 0 0
804 1 0 0 0 0 0 1 0 0
808 1 0 0 0 0 0 1 0 0
809 1 1 1 0 0 0 1 0 0
810 1 0 0 0 0 0 1 0 0
812 1 0 0 1 0 0 0 0 0
814 6 0 0 0 0 0 1 0 0
815 2 0 0 1 0 0 0 0 0
817 3 1 1 1 0 0 0 0 0
829 5 0 0 4 0 0 0 0 0
fn=init_tls
720 1 0 0 0 0 0 1 0 0
722 2 0 0 1 0 0 1 0 0
726 2 0 0 1 1 0 0 0 0
732 1 0 0 0 0 0 0 0 0
735 5 1 1 0 0 0 2 0 0
742 1 0 0 0 0 0 1 0 0
743 1 0 0 0 0 0 1 0 0
749 18 0 0 1 0 0 0 0 0
750 7 0 0 7 0 0 0 0 0
751 14 0 0 7 1 0 0 0 0
755 6 0 0 0 0 0 2 0 0
757 2 0 0 0 0 0 0 0 0
762 1 0 0 0 0 0 1 0 0
769 2 0 0 0 0 0 1 0 0
770 2 1 1 0 0 0 0 0 0
776 2 0 0 1 0 0 1 0 0
780 7 0 0 0 0 0 2 0 0
782 1 1 1 0 0 0 0 0 0
783 1 0 0 0 0 0 1 0 0
785 1 0 0 0 0 0 0 0 0
786 3 0 0 2 0 0 0 0 0
fn=map_doit
628 2 1 1 0 0 0 1 0 0
630 8 0 0 3 0 0 2 0 0
632 2 0 0 2 0 0 0 0 0
fn=process_envvars
2535 10 1 1 0 0 0 7 2 2
2536 2 1 1 1 0 0 1 0 0
2542 3 0 0 0 0 0 1 1 1
2543 5 0 0 1 0 0 0 0 0
2545 17 0 0 0 0 0 3 0 0
2549 101 0 0 21 0 0 0 0 0
2550 19 1 1 0 0 0 0 0 0
2558 13 0 0 2 1 1 0 0 0
2579 5 1 1 2 1 1 0 0 0
2586 12 1 1 14 1 1 0 0 0
2588 2 0 0 0 0 0 1 0 0
2589 1 0 0 0 0 0 0 0 0
2632 17 1 1 24 1 1 0 0 0
2634 2 1 1 0 0 0 1 0 0
2635 1 0 0 0 0 0 0 0 0
2703 2 0 0 1 0 0 1 0 0
2707 3 0 0 1 0 0 0 0 0
2737 2 1 1 0 0 0 0 0 0
2758 8 0 0 7 0 0 0 0 0
fn=rtld_lock_default_lock_recursive
836 56 3 1 56 4 1 0 0 0
837 56 0 0 56 0 0 0 0 0
fn=rtld_lock_default_unlock_recursive
842 56 0 0 56 1 0 0 0 0
843 56 0 0 56 0 0 0 0 0
fn=version_check_doit
660 2 1 1 0 0 0 1 0 0
662 2 0 0 0 0 0 0 0 0
663 4 0 0 2 0 0 1 0 0
666 2 0 0 2 0 0 0 0 0
fl=/usr/src/debug/glibc-2.12-2-gc4ccff1/elf/soinit.c
fn=__libc_fini
19 3 1 0 1 0 0 0 0 0
36 1 0 0 0 0 0 1 0 0
39 2 0 0 2 0 0 0 0 0
fn=__libc_global_ctors
19 9 2 2 2 0 0 0 0 0
20 1 0 0 0 0 0 1 0 0
26 1 0 0 0 0 0 1 0 0
29 2 0 0 2 0 0 0 0 0
fl=/usr/src/debug/glibc-2.12-2-gc4ccff1/iconv/gconv_simple.c
fn=__gconv_btwoc_ascii
52 512 1 1 0 0 0 0 0 0
56 128 0 0 128 0 0 0 0 0
fl=/usr/src/debug/glibc-2.12-2-gc4ccff1/io/../sysdeps/unix/sysv/linux/wordsize-64/fxstat.c
fn=_fxstat
36 7 0 0 0 0 0 0 0 0
37 14 2 2 0 0 0 0 0 0
38 42 0 0 0 0 0 0 0 0
42 7 0 0 7 0 0 0 0 0
fl=/usr/src/debug/glibc-2.12-2-gc4ccff1/io/../sysdeps/unix/sysv/linux/wordsize-64/xstat.c
fn=_xstat
36 4 0 0 0 0 0 0 0 0
37 8 1 1 0 0 0 0 0 0
38 40 0 0 4 0 0 4 0 0
fl=/usr/src/debug/glibc-2.12-2-gc4ccff1/libio/../sysdeps/unix/sysv/linux/sys/sysmacros.h
fn=_IO_file_doallocate
45 6 0 0 0 0 0 0 0 0
fl=/usr/src/debug/glibc-2.12-2-gc4ccff1/libio/filedoalloc.c
fn=_IO_file_doallocate
88 4 1 1 0 0 0 2 0 0
103 8 1 1 3 2 1 1 0 0
105 4 0 0 1 0 0 0 0 0
108 2 0 0 0 0 0 0 0 0
110 2 1 1 1 0 0 0 0 0
113 1 0 0 1 0 0 0 0 0
116 3 1 1 1 0 0 0 0 0
117 3 1 1 0 0 0 0 0 0
120 9 0 0 0 0 0 1 0 0
121 5 0 0 0 0 0 1 0 0
123 4 0 0 3 0 0 0 0 0
fl=/usr/src/debug/glibc-2.12-2-gc4ccff1/libio/fileops.c
fn=_IO_do_write@@GLIBC_2.2.5
493 152 7 2 0 0 0 76 0 0
494 93 0 0 0 0 0 0 0 0
496 114 0 0 95 0 0 0 0 0
507 54 1 1 18 0 0 0 0 0
514 72 0 0 36 0 0 0 0 0
522 108 8 1 36 2 0 18 0 0
523 90 8 1 18 0 0 0 0 0
526 72 0 0 18 0 0 54 0 0
527 36 0 0 0 0 0 36 0 0
528 108 9 1 36 0 0 18 0 0
fn=_IO_file_overflow@@GLIBC_2.2.5
829 174 5 1 0 0 0 87 0 0
830 87 0 0 29 0 0 0 0 0
837 170 6 0 56 0 0 0 0 0
840 2 1 1 1 0 0 0 0 0
842 2 1 1 0 0 0 1 0 0
843 6 0 0 2 0 0 3 0 0
852 3 0 0 1 0 0 0 0 0
861 2 0 0 1 0 0 0 0 0
863 1 1 1 0 0 0 1 0 0
864 1 0 0 0 0 0 1 0 0
865 2 0 0 1 0 0 1 0 0
866 3 0 0 1 0 0 2 0 0
868 2 0 0 0 0 0 1 0 0
869 5 0 0 1 0 0 0 0 0
870 3 1 1 0 0 0 1 0 0
872 58 1 1 0 0 0 0 0 0
873 3 0 0 0 0 0 0 0 0
875 56 0 0 28 0 0 0 0 0
878 84 0 0 0 0 0 56 1 0
879 194 7 1 28 0 0 0 0 0
881 90 0 0 0 0 0 18 0 0
882 18 0 0 18 0 0 0 0 0
884 28 0 0 0 0 0 0 0 0
885 144 6 0 115 0 0 0 0 0
fn=_IO_file_setbuf@@GLIBC_2.2.5
445 2 1 1 0 0 0 1 0 0
446 3 0 0 0 0 0 1 0 0
449 3 0 0 0 0 0 3 0 0
450 1 0 0 1 0 0 0 0 0
451 3 0 0 0 0 0 3 0 0
454 3 0 0 2 0 0 0 0 0
fn=_IO_file_stat
1225 1 1 1 0 0 0 0 0 0
1227 3 0 0 1 0 0 0 0 0
fn=_IO_file_sync@@GLIBC_2.2.5
891 50 7 1 0 0 0 25 0 0
896 100 0 0 50 1 1 0 0 0
898 25 0 0 25 0 0 0 0 0
899 50 0 0 25 0 0 0 0 0
916 50 0 0 0 0 0 25 0 0
920 50 0 0 50 0 0 0 0 0
fn=_IO_file_write@@GLIBC_2.2.5
1261 144 7 1 0 0 0 72 0 0
1263 108 0 0 0 0 0 0 0 0
1265 36 2 1 18 0 0 0 0 0
1268 72 0 0 18 0 0 18 0 0
1269 36 0 0 0 0 0 0 0 0
1274 18 0 0 0 0 0 0 0 0
1275 54 4 1 0 0 0 0 0 0
1278 54 0 0 18 0 0 0 0 0
1281 108 0 0 90 0 0 0 0 0
fn=_IO_file_xsputn@@GLIBC_2.2.5
1284 150 13 1 0 0 0 0 0 0
1288 180 8 2 0 0 0 108 0 0
1289 18 0 0 0 0 0 0 0 0
1294 54 0 0 0 0 0 0 0 0
1301 72 0 0 18 0 0 0 0 0
1303 51 6 0 34 2 0 0 0 0
1304 68 0 0 0 0 0 0 0 0
1307 761 4 1 0 0 0 0 0 0
1309 1082 0 0 355 0 0 0 0 0
1318 5 0 0 2 0 0 0 0 0
1322 85 20 2 0 0 0 0 0 0
1326 34 0 0 0 0 0 0 0 0
1329 35 7 1 0 0 0 14 0 0
1334 7 0 0 0 0 0 0 0 0
1340 148 0 0 0 0 0 0 0 0
1341 272 2 1 70 0 0 70 1 0
1342 20 0 0 0 0 0 10 0 0
1344 51 6 0 0 0 0 0 0 0
1346 51 0 0 0 0 0 0 0 0
1350 6 1 1 2 0 0 1 0 0
1357 2 0 0 2 0 0 0 0 0
1358 6 0 0 0 0 0 0 0 0
1360 3 0 0 0 0 0 0 0 0
1371 2 1 1 0 0 0 0 0 0
1372 6 0 0 0 0 0 1 0 0
1374 36 1 1 0 0 0 0 0 0
1375 144 1 1 126 0 0 0 0 0
fl=/usr/src/debug/glibc-2.12-2-gc4ccff1/libio/genops.c
fn=_IO_cleanup
951 12 0 0 4 0 0 0 0 0
953 19 1 1 4 1 1 0 0 0
954 2 0 0 0 0 0 0 0 0
962 15 1 1 6 0 0 2 0 0
969 5 0 0 2 0 0 0 0 0
971 2 1 1 0 0 0 1 0 0
973 2 0 0 1 0 0 1 0 0
974 1 0 0 0 0 0 1 0 0
975 2 0 0 1 0 0 1 0 0
976 4 1 1 1 0 0 1 0 0
979 5 0 0 2 0 0 1 0 0
981 2 0 0 0 0 0 0 0 0
982 12 1 1 4 0 0 2 0 0
987 3 1 1 0 0 0 3 0 0
1007 5 1 1 0 0 0 5 0 0
1010 3 0 0 0 0 0 1 0 0
1022 7 0 0 6 0 0 0 0 0
fn=_IO_default_setbuf
562 7 2 2 0 0 0 3 0 0
563 4 0 0 2 0 0 1 0 0
565 2 0 0 0 0 0 0 0 0
567 1 0 0 1 0 0 0 0 0
568 5 0 0 0 0 0 1 0 0
575 3 1 1 0 0 0 3 0 0
576 3 0 0 0 0 0 3 0 0
578 6 0 0 4 0 0 0 0 0
fn=_IO_default_xsputn
452 735 7 1 0 0 0 525 1 1
453 210 6 1 0 0 0 0 0 0
455 316 0 0 0 0 0 0 0 0
460 44 0 0 22 0 0 0 0 0
485 92 2 2 30 1 1 10 0 0
487 10 0 0 0 0 0 0 0 0
488 10 0 0 0 0 0 0 0 0
489 2 0 0 0 0 0 0 0 0
490 630 6 0 630 0 0 0 0 0
fn=_IO_doallocbuf
419 2 1 1 0 0 0 1 0 0
420 2 0 0 1 0 0 0 0 0
422 2 0 0 1 0 0 0 0 0
423 5 0 0 2 1 1 1 0 0
426 2 0 0 2 0 0 0 0 0
fn=_IO_flush_all_lockp
823 8 1 1 0 0 0 6 0 0
829 3 0 0 0 0 0 0 0 0
834 2 0 0 1 1 1 0 0 0
835 1 1 1 1 1 0 0 0 0
836 13 0 0 0 0 0 0 0 0
838 3 0 0 0 0 0 3 0 0
842 21 2 2 9 2 2 0 0 0
854 3 0 0 0 0 0 3 0 0
856 6 0 0 0 0 0 0 0 0
863 6 0 0 3 2 1 0 0 0
869 2 1 1 0 0 0 0 0 0
873 9 0 0 7 0 0 0 0 0
fn=_IO_no_init
648 468 6 1 0 0 0 208 0 0
649 52 0 0 0 0 0 52 0 0
650 52 0 0 0 0 0 52 0 0
652 104 0 0 0 0 0 0 0 0
670 52 1 1 0 0 0 52 0 0
671 312 6 1 260 0 0 0 0 0
fn=_IO_old_init
615 104 0 0 0 0 0 52 0 0
616 52 0 0 0 0 0 52 0 0
617 52 0 0 0 0 0 52 0 0
618 52 0 0 0 0 0 52 0 0
619 52 0 0 0 0 0 52 0 0
620 52 0 0 0 0 0 52 0 0
621 52 0 0 0 0 0 52 0 0
622 52 0 0 0 0 0 52 0 0
623 52 0 0 0 0 0 52 0 0
624 52 0 0 0 0 0 52 0 0
625 52 0 0 0 0 0 52 0 0
627 52 0 0 0 0 0 52 0 0
628 52 6 1 0 0 0 52 0 0
629 52 0 0 0 0 0 52 0 0
630 52 0 0 0 0 0 52 0 0
631 52 0 0 0 0 0 52 0 0
636 156 12 2 52 0 0 0 0 0
637 52 0 0 52 0 0 0 0 0
fn=_IO_setb
404 270 1 1 0 0 0 108 0 0
405 164 0 0 55 0 0 0 0 0
407 54 0 0 0 0 0 54 0 0
408 54 0 0 0 0 0 54 0 0
409 108 1 1 0 0 0 0 0 0
410 1 0 0 1 0 0 0 0 0
412 53 0 0 53 0 0 0 0 0
413 216 0 0 162 0 0 0 0 0
fn=__overflow
246 54 1 1 18 0 0 0 0 0
248 54 0 0 36 0 0 0 0 0
fl=/usr/src/debug/glibc-2.12-2-gc4ccff1/libio/iofflush.c
fn=fflush
35 48 0 0 0 0 0 24 0 0
36 48 1 1 0 0 0 0 0 0
42 360 2 2 192 1 0 24 0 0
43 144 0 0 48 1 1 24 0 0
47 72 0 0 48 0 0 0 0 0
fl=/usr/src/debug/glibc-2.12-2-gc4ccff1/libio/iofwrite.c
fn=fwrite
37 162 7 1 0 0 0 72 0 0
38 36 0 0 0 0 0 0 0 0
41 36 0 0 0 0 0 0 0 0
43 270 8 2 144 8 3 18 0 0
44 89 1 1 18 2 1 1 0 0
45 162 1 1 36 3 1 18 0 0
51 36 0 0 0 0 0 0 0 0
55 126 0 0 90 0 0 0 0 0
fl=/usr/src/debug/glibc-2.12-2-gc4ccff1/libio/libioP.h
fn=fflush
968 48 0 0 24 0 0 0 0 0
969 264 1 1 96 0 0 48 0 0
fn=fwrite
968 36 0 0 18 0 0 0 0 0
969 216 7 1 72 0 0 36 0 0
fn=putc
968 36 0 0 18 0 0 0 0 0
969 198 0 0 72 0 0 36 0 0
fl=/usr/src/debug/glibc-2.12-2-gc4ccff1/libio/putc.c
fn=putc
29 54 8 1 0 0 0 18 0 0
32 270 3 1 144 0 0 18 0 0
33 144 9 1 36 0 0 18 0 0
36 54 0 0 36 0 0 0 0 0
fl=/usr/src/debug/glibc-2.12-2-gc4ccff1/libio/strops.c
fn=_IO_str_init_static_internal
40 416 8 2 0 0 0 208 0 0
44 104 0 0 0 0 0 0 0 0
46 260 2 1 0 0 0 0 0 0
50 260 0 0 0 0 0 52 0 0
52 52 0 0 0 0 0 52 0 0
53 52 0 0 0 0 0 52 0 0
54 52 0 0 0 0 0 52 0 0
55 104 0 0 0 0 0 0 0 0
57 52 0 0 0 0 0 52 0 0
58 52 0 0 0 0 0 52 0 0
59 52 0 0 0 0 0 52 0 0
68 52 0 0 0 0 0 52 0 0
69 312 0 0 260 0 0 0 0 0
fl=/usr/src/debug/glibc-2.12-2-gc4ccff1/libio/vsnprintf.c
fn=vsnprintf
101 468 12 2 0 0 0 260 0 0
105 52 0 0 0 0 0 52 0 0
110 208 0 0 0 0 0 0 0 0
116 312 2 1 0 0 0 52 0 0
117 104 0 0 0 0 0 52 0 0
118 52 0 0 0 0 0 52 0 0
119 260 1 1 0 0 0 52 0 0
120 208 0 0 0 0 0 52 0 0
122 156 0 0 52 0 0 0 0 0
123 104 0 0 52 0 0 52 0 0
125 364 28 1 312 0 0 0 0 0
fl=/usr/src/debug/glibc-2.12-2-gc4ccff1/locale/newlocale.c
fn=newlocale
46 11 2 2 0 0 0 7 0 0
58 2 0 0 0 0 0 0 0 0
63 2 1 1 0 0 0 0 0 0
66 2 0 0 0 0 0 0 0 0
69 4 0 0 2 0 0 0 0 0
75 7 1 1 2 0 0 1 0 0
76 3 0 0 2 1 1 0 0 0
280 2 0 0 0 0 0 0 0 0
281 9 1 1 7 0 0 0 0 0
fl=/usr/src/debug/glibc-2.12-2-gc4ccff1/locale/uselocale.c
fn=uselocale
32 212 2 1 212 2 0 0 0 0
34 318 0 0 0 0 0 0 0 0
37 212 0 0 0 0 0 0 0 0
38 106 0 0 0 0 0 106 0 0
66 318 2 1 212 5 1 106 0 0
67 318 0 0 212 3 0 106 1 0
69 318 0 0 212 1 0 106 0 0
73 318 0 0 0 0 0 0 0 0
74 106 0 0 106 0 0 0 0 0
fl=/usr/src/debug/glibc-2.12-2-gc4ccff1/malloc/arena.c
fn=ptmalloc_init
380 129 1 1 43 7 0 0 0 0
382 92 0 0 46 21 0 0 0 0
398 42 0 0 0 0 0 0 0 0
410 1 0 0 0 0 0 1 1 1
412 1 0 0 0 0 0 1 1 1
413 1 1 1 0 0 0 1 0 0
414 1 0 0 0 0 0 1 0 0
415 2 0 0 0 0 0 2 0 0
418 1 0 0 0 0 0 1 0 0
419 1 1 1 0 0 0 1 1 1
467 6 1 1 0 0 0 5 0 0
475 3 0 0 1 1 0 0 0 0
476 1 1 1 0 0 0 1 0 0
510 1 0 0 0 0 0 1 1 1
511 2 0 0 0 0 0 1 1 1
519 6 1 1 2 1 0 0 0 0
521 6 1 1 1 0 0 1 0 0
525 1 0 0 0 0 0 1 1 0
527 3 0 0 1 1 0 1 1 0
528 12 2 2 2 2 1 6 1 1
539 2 0 0 2 2 0 0 0 0
541 5 0 0 2 2 0 0 0 0
557 2 0 0 0 0 0 0 0 0
622 2 0 0 0 0 0 0 0 0
627 2 0 0 2 2 1 0 0 0
628 2 0 0 0 0 0 0 0 0
630 2 0 0 0 0 0 1 1 0
631 7 0 0 6 1 0 0 0 0
fl=/usr/src/debug/glibc-2.12-2-gc4ccff1/malloc/hooks.c
fn=malloc_hook_ini
35 2 0 0 0 0 0 1 0 0
36 2 1 1 1 0 0 1 0 0
37 1 0 0 0 0 0 1 0 0
38 2 0 0 0 0 0 0 0 0
39 1 0 0 1 0 0 0 0 0
fl=/usr/src/debug/glibc-2.12-2-gc4ccff1/malloc/malloc.c
fn=_int_free
4802 260 14 2 0 0 0 182 0 0
4817 78 0 0 26 0 0 0 0 0
4823 156 0 0 0 0 0 0 0 0
4840 52 0 0 0 0 0 0 0 0
4853 52 2 1 26 0 0 0 0 0
4864 100 0 0 20 0 0 0 0 0
4865 40 0 0 20 0 0 0 0 0
4893 60 0 0 20 0 0 0 0 0
4896 60 6 1 40 0 0 0 0 0
4897 40 0 0 0 0 0 0 0 0
4898 40 0 0 0 0 0 0 0 0
4902 20 0 0 20 0 0 0 0 0
4908 80 0 0 0 0 0 0 0 0
4913 40 7 1 0 0 0 0 0 0
4914 27 0 0 9 1 0 0 0 0
4915 20 0 0 0 0 0 20 0 0
4917 120 0 0 40 0 0 0 0 0
4919 58 0 0 0 0 0 0 0 0
4948 12 0 0 0 0 0 0 0 0
4950 24 0 0 6 0 0 0 0 0
4959 48 7 2 18 0 0 0 0 0
4965 6 0 0 0 0 0 0 0 0
4969 18 0 0 6 0 0 0 0 0
4975 30 0 0 6 0 0 0 0 0
4977 18 1 1 6 0 0 0 0 0
4983 18 1 1 6 0 0 0 0 0
4989 6 0 0 0 0 0 0 0 0
4990 24 0 0 6 0 0 0 0 0
4997 18 0 0 6 0 0 0 0 0
5001 12 0 0 6 0 0 0 0 0
5008 12 6 1 6 0 0 0 0 0
5013 12 0 0 6 0 0 0 0 0
5017 12 0 0 6 0 0 0 0 0
5025 6 6 1 0 0 0 0 0 0
5026 6 0 0 6 0 0 0 0 0
5027 12 0 0 6 0 0 0 0 0
5032 6 0 0 0 0 0 6 0 0
5033 6 0 0 0 0 0 6 0 0
5034 12 0 0 0 0 0 0 0 0
5039 6 6 1 0 0 0 6 0 0
5040 6 0 0 0 0 0 6 0 0
5042 18 0 0 0 0 0 6 0 0
5043 6 0 0 0 0 0 6 0 0
5073 12 0 0 0 0 0 0 0 0
5094 18 1 1 6 0 0 0 0 0
5096 24 0 0 12 0 0 0 0 0
5113 208 1 1 182 0 0 0 0 0
fn=_int_malloc
2992 3 1 1 1 1 0 1 0 0
3005 2 0 0 1 1 0 0 0 0
3076 2 1 1 0 0 0 1 0 0
3086 1 0 0 0 0 0 0 0 0
3109 3 1 1 0 0 0 0 0 0
3171 6 1 1 1 0 0 0 0 0
3179 1 0 0 1 0 0 0 0 0
3190 7 1 1 2 0 0 1 0 0
3198 2 0 0 0 0 0 0 0 0
3199 6 0 0 2 2 0 3 0 0
3201 4 0 0 2 0 0 0 0 0
3203 2 1 1 2 0 0 0 0 0
3204 2 0 0 0 0 0 0 0 0
3226 2 0 0 1 0 0 0 0 0
3249 2 0 0 1 0 0 0 0 0
3250 1 0 0 0 0 0 1 0 0
3251 3 0 0 1 0 0 1 0 0
3257 2 1 1 0 0 0 0 0 0
3260 7 2 2 1 0 0 1 0 0
3293 2 1 1 0 0 0 0 0 0
3302 5 0 0 0 0 0 0 0 0
3321 1 0 0 0 0 0 0 0 0
3324 2 0 0 0 0 0 0 0 0
3325 4 0 0 2 0 0 0 0 0
3328 5 1 1 2 0 0 3 0 0
3340 4 0 0 2 0 0 0 0 0
3345 2 1 1 2 0 0 0 0 0
3346 2 0 0 0 0 0 0 0 0
3364 1 0 0 0 0 0 1 0 0
3365 4 1 1 0 0 0 1 1 1
3366 1 0 0 1 0 0 0 0 0
3377 2 0 0 1 0 0 0 0 0
3422 3 2 2 2 0 0 0 0 0
3423 1 0 0 0 0 0 1 0 0
3431 4 0 0 2 0 0 0 0 0
3433 1 0 0 0 0 0 0 0 0
3434 1 0 0 0 0 0 1 0 0
3435 9 1 1 0 0 0 1 0 0
3436 3 0 0 0 0 0 1 0 0
3438 1 0 0 0 0 0 0 0 0
4280 234 1 1 0 0 0 156 0 0
4310 208 1 1 0 0 0 0 0 0
4318 52 0 0 26 0 0 0 0 0
4319 57 0 0 0 0 0 0 0 0
4320 35 5 1 0 0 0 0 0 0
4322 19 0 0 19 0 0 0 0 0
4326 54 5 1 0 0 0 0 0 0
4329 48 0 0 24 0 0 0 0 0
4330 24 0 0 0 0 0 0 0 0
4335 40 0 0 8 0 0 0 0 0
4363 36 2 1 0 0 0 0 0 0
4364 54 0 0 0 0 0 18 1 0
4365 72 0 0 0 0 0 0 0 0
4367 54 0 0 18 2 1 0 0 0
4368 2 1 1 0 0 0 0 0 0
4369 7 1 1 2 0 0 3 0 0
4425 90 3 1 18 0 0 0 0 0
4426 5 0 0 5 0 0 0 0 0
4427 20 2 1 5 0 0 0 0 0
4428 5 0 0 5 0 0 0 0 0
4433 18 1 1 0 0 0 0 0 0
4435 5 0 0 0 0 0 0 0 0
4445 30 0 0 0 0 0 0 0 0
4447 5 5 1 5 0 0 0 0 0
4448 36 0 0 0 0 0 18 0 0
4475 5 0 0 0 0 0 5 0 0
4476 5 0 0 0 0 0 5 0 0
4480 10 0 0 0 0 0 0 0 0
4481 5 0 0 5 0 0 0 0 0
4482 15 5 1 0 0 0 0 0 0
4557 39 1 1 0 0 0 0 0 0
4628 26 0 0 13 0 0 0 0 0
4629 52 0 0 0 0 0 0 0 0
4630 26 0 0 0 0 0 0 0 0
4631 26 0 0 13 0 0 0 0 0
4632 52 0 0 0 0 0 0 0 0
4637 65 1 1 0 0 0 0 0 0
4639 153 0 0 0 0 0 0 0 0
4641 152 0 0 38 0 0 0 0 0
4714 13 0 0 0 0 0 0 0 0
4715 39 0 0 13 0 0 0 0 0
4737 26 3 1 13 0 0 0 0 0
4738 26 0 0 13 0 0 0 0 0
4740 26 0 0 13 0 0 0 0 0
4742 12 0 0 0 0 0 0 0 0
4743 12 2 1 0 0 0 12 0 0
4744 108 2 0 0 0 0 12 0 0
4746 48 0 0 0 0 0 12 10 10
4749 12 3 0 0 0 0 0 0 0
4750 52 4 1 13 0 0 0 0 0
4758 2 0 0 1 0 0 0 0 0
4762 54 0 0 0 0 0 18 1 0
4764 486 10 2 0 0 0 180 0 0
4785 3 0 0 0 0 0 0 0 0
4786 3 0 0 0 0 0 0 0 0
4790 234 1 1 182 0 0 0 0 0
fn=free
3552 104 6 1 104 0 0 0 0 0
3702 260 2 1 260 2 0 0 0 0
3703 260 0 0 0 0 0 0 0 0
3708 260 0 0 0 0 0 0 0 0
3711 26 0 0 0 0 0 0 0 0
3714 78 0 0 26 1 0 0 0 0
3729 78 0 0 0 0 0 0 0 0
3731 52 1 1 0 0 0 0 0 0
fn=malloc
3619 135 3 1 0 0 0 81 0 0
3624 54 0 0 54 4 1 0 0 0
3625 54 7 1 0 0 0 0 0 0
3626 2 1 1 1 0 0 0 0 0
3628 52 0 0 52 0 0 0 0 0
3661 208 1 1 52 2 0 0 0 0
3664 104 0 0 0 0 0 26 0 0
3665 52 0 0 0 0 0 0 0 0
3686 104 0 0 52 0 0 0 0 0
3690 160 1 1 107 0 0 0 0 0
fn=malloc_consolidate
2480 255 0 0 0 0 0 0 0 0
2481 3 1 1 0 0 0 0 0 0
2482 382 1 1 0 0 0 254 32 31
2486 3 0 0 0 0 0 0 0 0
2490 3 0 0 1 0 0 1 0 0
2491 2 0 0 0 0 0 1 0 0
2493 2 0 0 0 0 0 1 0 0
5130 2 1 1 0 0 0 0 0 0
5134 8 1 1 0 0 0 6 1 0
5156 2 0 0 1 0 0 0 0 0
5244 8 0 0 7 0 0 0 0 0
fl=/usr/src/debug/glibc-2.12-2-gc4ccff1/malloc/morecore.c
fn=__default_morecore
48 2 1 1 0 0 0 0 0 0
49 2 0 0 0 0 0 2 0 0
50 6 0 0 0 0 0 0 0 0
53 4 0 0 2 0 0 0 0 0
fl=/usr/src/debug/glibc-2.12-2-gc4ccff1/math/../sysdeps/ieee754/dbl-64/wordsize-64/s_isinf.c
fn=isinf
19 52 0 0 0 0 0 0 0 0
21 208 3 1 0 0 0 0 0 0
22 364 0 0 0 0 0 0 0 0
24 52 0 0 52 0 0 0 0 0
fl=/usr/src/debug/glibc-2.12-2-gc4ccff1/math/../sysdeps/ieee754/dbl-64/wordsize-64/s_isnan.c
fn=isnan
29 312 12 2 0 0 0 0 0 0
33 52 0 0 52 0 0 0 0 0
fl=/usr/src/debug/glibc-2.12-2-gc4ccff1/misc/../sysdeps/unix/sysv/linux/getpagesize.c
fn=getpagesize
35 5 1 1 2 0 0 0 0 0
51 1 0 0 1 0 0 0 0 0
fl=/usr/src/debug/glibc-2.12-2-gc4ccff1/misc/../sysdeps/unix/sysv/linux/x86_64/brk.c
fn=brk
29 2 1 1 0 0 0 0 0 0
32 12 0 0 2 0 0 2 0 0
34 6 0 0 0 0 0 0 0 0
41 4 0 0 2 0 0 0 0 0
fl=/usr/src/debug/glibc-2.12-2-gc4ccff1/misc/init-misc.c
fn=__init_misc
31 4 1 1 0 0 0 2 0 0
32 5 0 0 1 0 0 0 0 0
34 3 0 0 0 0 0 1 0 0
35 2 0 0 0 0 0 0 0 0
38 3 1 1 1 1 0 1 1 1
39 3 0 0 2 0 0 1 0 0
41 4 0 0 3 0 0 0 0 0
fl=/usr/src/debug/glibc-2.12-2-gc4ccff1/misc/sbrk.c
fn=sbrk
35 10 2 2 0 0 0 6 0 0
43 11 0 0 5 3 1 0 0 0
44 6 1 1 1 0 0 1 0 0
47 4 0 0 0 0 0 0 0 0
51 6 0 0 0 0 0 0 0 0
54 1 0 0 0 0 0 1 0 0
58 12 0 0 8 0 0 0 0 0
fl=/usr/src/debug/glibc-2.12-2-gc4ccff1/nptl/../nptl/sysdeps/unix/sysv/linux/register-atfork.c
fn=__linkin_atfork
117 1 1 1 1 1 1 0 0 0
118 3 0 0 0 0 0 1 0 0
119 4 1 1 2 1 0 0 0 0
120 1 0 0 1 0 0 0 0 0
fl=/usr/src/debug/glibc-2.12-2-gc4ccff1/nptl/../nptl/sysdeps/unix/sysv/linux/unregister-atfork.c
fn=__unregister_atfork
29 12 0 0 0 0 0 4 0 0
37 4 1 1 4 1 0 0 0 0
40 16 1 1 0 0 0 0 0 0
41 16 0 0 4 1 0 0 0 0
46 4 0 0 4 0 0 0 0 0
122 8 0 0 8 0 0 0 0 0
fl=/usr/src/debug/glibc-2.12-2-gc4ccff1/posix/../sysdeps/unix/sysv/linux/_exit.c
fn=_Exit
29 2 1 1 1 0 0 0 0 0
33 4 0 0 0 0 0 0 0 0
35 2 1 1 0 0 0 0 0 0
fl=/usr/src/debug/glibc-2.12-2-gc4ccff1/setjmp/sigjmp.c
fn=__sigjmp_save
29 2 0 0 0 0 0 1 0 0
30 4 1 1 0 0 0 1 0 0
35 3 0 0 2 0 0 0 0 0
fl=/usr/src/debug/glibc-2.12-2-gc4ccff1/stdio-common/../include/ctype.h
fn=__printf_fp
47 208 2 0 104 0 0 0 0 0
fl=/usr/src/debug/glibc-2.12-2-gc4ccff1/stdio-common/../nptl/sysdeps/pthread/allocalim.h
fn=__printf_fp
28 104 0 0 0 0 0 0 0 0
fl=/usr/src/debug/glibc-2.12-2-gc4ccff1/stdio-common/printf-parse.h
fn=vfprintf
76 52 0 0 0 0 0 0 0 0
86 52 0 0 0 0 0 0 0 0
109 416 0 0 0 0 0 156 1 1
fl=/usr/src/debug/glibc-2.12-2-gc4ccff1/stdio-common/printf_fp.c
fn=__printf_fp
158 520 1 1 0 0 0 312 0 0
191 52 0 0 0 0 0 52 1 1
193 52 0 0 0 0 0 52 0 0
214 312 0 0 52 0 0 52 1 1
266 104 6 1 0 0 0 0 0 0
268 312 0 0 208 2 1 104 0 0
269 52 0 0 52 0 0 0 0 0
286 156 0 0 52 0 0 0 0 0
319 156 2 2 0 0 0 104 1 1
332 104 0 0 0 0 0 0 0 0
379 104 6 1 104 0 0 0 0 0
382 416 0 0 104 0 0 156 2 2
397 416 7 2 104 0 0 156 0 0
413 572 9 2 0 0 0 156 0 0
417 104 0 0 0 0 0 0 0 0
442 208 7 2 156 0 0 0 0 0
453 520 0 0 52 0 0 0 0 0
457 312 1 1 0 0 0 52 0 0
458 208 0 0 0 0 0 52 0 0
459 208 0 0 0 0 0 52 0 0
465 52 0 0 0 0 0 52 0 0
466 104 0 0 0 0 0 0 0 0
472 112 4 1 0 0 0 28 0 0
475 84 2 1 0 0 0 0 0 0
483 476 32 2 56 0 0 56 0 0
486 280 4 1 84 0 0 28 0 0
487 56 0 0 0 0 0 0 0 0
488 140 4 1 84 0 0 28 0 0
490 112 8 2 28 0 0 0 0 0
495 364 3 1 0 0 0 0 0 0
499 1456 4 1 364 6 6 0 0 0
501 68 0 0 0 0 0 0 0 0
524 34 0 0 34 0 0 0 0 0
525 272 0 0 102 0 0 68 0 0
531 224 0 0 0 0 0 56 0 0
540 408 0 0 146 0 0 68 0 0
543 120 2 1 48 0 0 48 0 0
544 96 0 0 72 0 0 0 0 0
545 96 0 0 0 0 0 0 0 0
546 120 2 1 24 0 0 0 0 0
549 672 0 0 336 0 0 0 0 0
551 728 0 0 0 0 0 0 0 0
552 56 1 1 28 0 0 28 0 0
558 196 0 0 56 0 0 0 0 0
562 384 1 1 120 0 0 0 0 0
566 24 0 0 24 0 0 0 0 0
568 72 1 1 0 0 0 0 0 0
582 48 24 1 0 0 0 0 0 0
584 24 0 0 0 0 0 0 0 0
585 96 24 1 48 0 0 0 0 0
588 72 0 0 0 0 0 0 0 0
597 48 0 0 0 0 0 0 0 0
607 96 4 2 0 0 0 0 0 0
625 288 1 1 24 0 0 96 0 0
628 48 0 0 24 0 0 0 0 0
629 192 26 2 120 0 0 24 0 0
632 216 2 1 96 0 0 24 0 0
637 48 1 1 0 0 0 0 0 0
806 96 0 0 24 0 0 24 1 1
807 96 4 1 72 0 0 24 0 0
808 24 0 0 0 0 0 24 0 0
812 104 0 0 52 0 0 52 0 0
822 208 1 1 104 1 1 52 1 1
824 104 0 0 0 0 0 0 0 0
834 104 0 0 52 0 0 0 0 0
854 364 1 1 104 0 0 104 0 0
855 312 6 1 156 0 0 0 0 0
868 52 0 0 0 0 0 52 0 0
869 364 6 1 104 0 0 104 0 0
870 156 0 0 104 0 0 52 0 0
876 208 0 0 52 0 0 52 0 0
878 312 1 1 104 0 0 104 0 0
882 208 1 1 0 0 0 104 0 0
894 312 1 1 156 0 0 0 0 0
901 104 0 0 52 0 0 0 0 0
911 364 1 1 0 0 0 104 0 0
912 104 0 0 52 0 0 0 0 0
915 208 0 0 52 0 0 0 0 0
918 1452 3 3 468 0 0 312 0 0
920 76 0 0 0 0 0 0 0 0
921 304 0 0 0 0 0 152 3 1
924 568 1 1 232 0 0 0 0 0
926 24 0 0 24 0 0 0 0 0
927 84 0 0 0 0 0 28 0 0
935 788 2 2 132 0 0 260 0 0
941 1356 3 2 500 0 0 52 0 0
942 24 0 0 24 0 0 0 0 0
944 140 0 0 0 0 0 0 0 0
945 420 1 1 0 0 0 280 0 0
946 420 0 0 0 0 0 0 0 0
948 280 0 0 0 0 0 0 0 0
950 140 0 0 0 0 0 0 0 0
957 416 1 1 52 0 0 364 0 0
958 416 1 1 312 0 0 0 0 0
1072 140 0 0 0 0 0 0 0 0
1080 804 3 2 140 0 0 0 0 0
1083 140 0 0 0 0 0 0 0 0
1087 412 0 0 104 0 0 0 0 0
1090 104 0 0 0 0 0 0 0 0
1096 156 2 1 52 0 0 0 0 0
1142 312 3 2 104 0 0 0 0 0
1144 416 0 0 52 0 0 104 0 0
1146 260 1 1 52 0 0 0 0 0
1147 104 0 0 0 0 0 0 0 0
1149 104 1 1 0 0 0 0 0 0
1151 156 5 1 52 0 0 0 0 0
1153 104 6 1 0 0 0 0 0 0
1156 260 1 1 52 0 0 0 0 0
1165 156 1 1 52 0 0 0 0 0
1173 156 7 1 52 0 0 52 0 0
1175 208 1 1 52 0 0 156 0 0
1177 260 1 1 104 0 0 52 0 0
1183 260 6 1 156 0 0 0 0 0
1184 156 0 0 52 0 0 0 0 0
1195 312 0 0 0 0 0 52 0 0
1196 104 3 1 52 0 0 52 0 0
1202 748 0 0 104 0 0 156 0 0
1203 228 1 1 76 0 0 0 0 0
1205 152 0 0 0 0 0 0 0 0
1208 152 0 0 0 0 0 76 0 0
1212 156 6 1 104 0 0 0 0 0
1229 1692 9 3 332 0 0 152 0 0
1232 156 1 1 52 0 0 0 0 0
1239 156 1 1 52 0 0 0 0 0
1243 468 2 2 364 0 0 0 0 0
fn=hack_digit.15673
224 1072 6 1 0 0 0 536 1 1
227 804 7 1 268 0 0 0 0 0
229 804 0 0 268 0 0 0 0 0
231 980 4 1 588 0 0 0 0 0
232 1176 0 0 0 0 0 392 0 0
236 216 0 0 72 0 0 0 0 0
240 504 0 0 216 0 0 72 0 0
241 360 2 1 216 0 0 72 0 0
242 72 0 0 72 0 0 0 0 0
244 72 0 0 0 0 0 72 0 0
245 682 2 1 144 0 0 50 0 0
246 50 0 0 0 0 0 0 0 0
251 50 0 0 0 0 0 50 0 0
252 100 0 0 0 0 0 0 0 0
256 66 2 1 0 0 0 22 0 0
257 44 0 0 0 0 0 0 0 0
258 134 0 0 36 0 0 36 0 0
262 1072 0 0 804 0 0 0 0 0
fl=/usr/src/debug/glibc-2.12-2-gc4ccff1/stdio-common/vfprintf.c
fn=vfprintf
201 572 1 1 0 0 0 312 0 0
236 156 6 1 104 1 0 52 2 1
1283 260 2 1 52 0 0 0 0 0
1287 260 0 0 52 0 0 0 0 0
1298 104 1 1 0 0 0 0 0 0
1309 312 0 0 156 0 0 156 0 0
1324 156 1 1 0 0 0 52 0 0
1328 780 4 3 260 2 1 104 0 0
1332 780 10 2 104 0 0 468 5 1
1378 1820 11 3 208 2 2 832 0 0
1531 52 6 1 0 0 0 0 0 0
1532 156 0 0 52 0 0 0 0 0
1536 52 0 0 0 0 0 0 0 0
1537 208 29 1 52 0 0 0 0 0
1552 468 3 1 156 0 0 104 0 0
1555 104 6 1 0 0 0 0 0 0
1568 260 0 0 52 0 0 0 0 0
1573 260 28 1 104 0 0 0 0 0
1594 104 0 0 52 0 0 0 0 0
1597 728 8 2 104 3 2 52 0 0
1640 3536 104 7 884 0 0 780 0 0
1660 104 6 1 52 0 0 0 0 0
1668 52 0 0 0 0 0 0 0 0
1672 1040 12 2 208 0 0 156 0 0
1674 104 0 0 52 0 0 0 0 0
1876 104 0 0 0 0 0 52 1 1
1890 104 1 1 0 0 0 52 0 0
2017 260 6 1 0 0 0 104 0 0
2020 208 0 0 0 0 0 104 0 0
2047 52 0 0 0 0 0 0 0 0
2063 104 0 0 52 0 0 0 0 0
2065 104 1 1 52 0 0 52 0 0
2066 104 0 0 52 0 0 52 0 0
2068 104 0 0 52 0 0 0 0 0
2069 156 3 1 52 0 0 0 0 0
2072 416 0 0 364 0 0 0 0 0
2084 104 0 0 0 0 0 52 0 0
fl=/usr/src/debug/glibc-2.12-2-gc4ccff1/stdlib/../sysdeps/ieee754/dbl-64/dbl2mpn.c
fn=__mpn_extract_double
36 104 6 1 52 0 0 52 0 0
38 156 0 0 0 0 0 52 0 0
39 260 0 0 0 0 0 52 0 0
48 260 6 1 0 0 0 52 0 0
57 156 0 0 0 0 0 0 0 0
104 156 6 1 0 0 0 52 0 0
108 104 0 0 52 0 0 0 0 0
fl=/usr/src/debug/glibc-2.12-2-gc4ccff1/stdlib/bsearch.c
fn=bsearch
27 169 2 2 0 0 0 91 0 0
34 274 0 0 0 0 0 10 0 0
36 170 0 0 0 0 0 0 0 0
37 340 0 0 0 0 0 85 0 0
38 255 0 0 85 0 0 85 1 0
39 170 1 1 0 0 0 0 0 0
41 24 0 0 0 0 0 0 0 0
42 21 0 0 0 0 0 0 0 0
48 117 0 0 104 0 0 0 0 0
fl=/usr/src/debug/glibc-2.12-2-gc4ccff1/stdlib/cmp.c
fn=__mpn_cmp
43 68 26 1 0 0 0 0 0 0
45 34 0 0 34 0 0 0 0 0
46 34 0 0 34 0 0 0 0 0
47 68 0 0 0 0 0 0 0 0
55 170 0 0 34 0 0 0 0 0
fl=/usr/src/debug/glibc-2.12-2-gc4ccff1/stdlib/cxa_atexit.c
fn=__cxa_atexit
35 10 0 0 0 0 0 5 0 0
37 15 0 0 0 0 0 0 0 0
41 10 0 0 5 0 0 0 0 0
43 5 0 0 0 0 0 5 0 0
44 5 0 0 0 0 0 5 2 2
45 5 0 0 0 0 0 5 0 0
47 10 1 1 0 0 0 5 0 0
57 35 3 2 0 0 0 15 0 0
59 30 0 0 20 0 0 0 0 0
fn=__new_exitfn
73 10 2 1 0 0 0 5 0 0
79 30 2 1 10 4 2 0 0 0
81 29 1 1 6 2 1 0 0 0
83 15 0 0 5 2 1 0 0 0
84 20 0 0 4 1 0 0 0 0
91 1 0 0 0 0 0 1 0 0
94 8 1 0 0 0 0 0 0 0
98 2 1 1 0 0 0 0 0 0
112 1 0 0 0 0 0 0 0 0
113 2 0 0 0 0 0 1 0 0
119 12 1 0 0 0 0 0 0 0
120 8 0 0 0 0 0 4 0 0
126 5 1 1 0 0 0 5 0 0
127 5 0 0 5 2 1 0 0 0
130 20 0 0 10 0 0 0 0 0
133 15 1 0 10 0 0 0 0 0
fl=/usr/src/debug/glibc-2.12-2-gc4ccff1/stdlib/cxa_finalize.c
fn=__cxa_finalize
31 32 1 1 0 0 0 24 0 0
35 28 2 2 8 0 0 0 0 0
39 57 0 0 4 0 0 0 0 0
44 20 0 0 8 0 0 0 0 0
46 2 1 1 2 0 0 0 0 0
47 2 0 0 2 0 0 0 0 0
49 16 0 0 4 0 0 0 0 0
51 2 0 0 2 1 0 0 0 0
54 4 0 0 2 0 0 0 0 0
56 6 0 0 0 0 0 4 0 0
60 6 0 0 4 0 0 0 0 0
67 28 1 1 8 0 0 0 0 0
71 24 1 1 4 1 1 0 0 0
79 8 0 0 0 0 0 0 0 0
80 8 0 0 0 0 0 0 0 0
82 28 0 0 24 0 0 0 0 0
fl=/usr/src/debug/glibc-2.12-2-gc4ccff1/stdlib/divrem.c
fn=__mpn_divrem
57 864 26 2 0 0 0 648 2 2
60 144 0 0 0 0 0 0 0 0
73 72 2 1 72 0 0 0 0 0
74 72 0 0 72 0 0 0 0 0
76 216 0 0 0 0 0 72 0 0
78 12 2 1 0 0 0 4 0 0
82 288 1 1 144 0 0 0 0 0
83 396 0 0 0 0 0 0 0 0
84 126 0 0 42 0 0 42 0 0
85 72 0 0 0 0 0 0 0 0
87 216 1 1 72 0 0 0 0 0
90 72 0 0 0 0 0 72 0 0
92 72 0 0 0 0 0 0 0 0
245 648 2 1 576 0 0 0 0 0
fl=/usr/src/debug/glibc-2.12-2-gc4ccff1/stdlib/exit.c
fn=exit
42 3 0 0 0 0 0 0 0 0
46 12 0 0 0 0 0 0 0 0
49 10 0 0 0 0 0 5 0 0
50 31 1 1 5 2 0 0 0 0
74 9 1 1 3 0 0 0 0 0
76 6 0 0 3 0 0 0 0 0
78 28 0 0 7 1 0 3 0 0
83 2 0 0 1 0 0 1 0 0
84 2 0 0 0 0 0 0 0 0
91 9 1 1 1 1 1 1 0 0
93 2 0 0 0 0 0 1 0 0
99 5 1 1 1 1 0 3 0 0
fl=/usr/src/debug/glibc-2.12-2-gc4ccff1/string/../string/memcmp.c
fn=bcmp
136 7 2 2 0 0 0 0 0 0
140 1 0 0 1 1 1 0 0 0
141 1 0 0 1 0 0 0 0 0
144 3 0 0 0 0 0 0 0 0
190 1 1 1 1 0 0 0 0 0
191 1 0 0 1 0 0 0 0 0
192 2 0 0 0 0 0 0 0 0
199 2 1 1 0 0 0 0 0 0
204 2 1 1 0 0 0 0 0 0
322 18 1 1 0 0 0 18 0 0
329 6 0 0 0 0 0 0 0 0
333 4 0 0 0 0 0 0 0 0
349 3 1 1 0 0 0 0 0 0
350 2 0 0 0 0 0 0 0 0
357 3 1 1 0 0 0 0 0 0
358 1 0 0 0 0 0 0 0 0
359 1 0 0 0 0 0 0 0 0
363 49 1 1 0 0 0 0 0 0
367 23 0 0 0 0 0 0 0 0
369 74 0 0 40 1 1 0 0 0
370 40 0 0 0 0 0 0 0 0
376 21 0 0 21 0 0 0 0 0
fl=/usr/src/debug/glibc-2.12-2-gc4ccff1/string/../sysdeps/x86_64/cacheinfo.c
fn=handle_intel
307 20 1 1 0 0 0 12 0 0
315 2 0 0 0 0 0 2 1 0
316 6 0 0 0 0 0 4 0 0
324 8 1 1 0 0 0 2 0 0
329 4 0 0 0 0 0 0 0 0
331 6 1 1 0 0 0 2 0 0
332 2 0 0 0 0 0 0 0 0
336 10 0 0 0 0 0 2 0 0
337 4 0 0 0 0 0 0 0 0
340 10 0 0 0 0 0 2 0 0
341 4 0 0 0 0 0 0 0 0
344 5 0 0 0 0 0 1 0 0
345 2 0 0 0 0 0 0 0 0
348 5 0 0 1 0 0 1 0 0
349 2 0 0 0 0 0 0 0 0
358 16 0 0 14 0 0 0 0 0
fn=init_cacheinfo
538 4 2 2 0 0 0 3 0 0
551 3 0 0 1 0 0 0 0 0
558 2 0 0 0 0 0 0 0 0
560 4 1 1 1 0 0 1 0 0
564 4 0 0 1 0 0 1 0 0
566 3 0 0 0 0 0 0 0 0
577 1 1 1 1 0 0 0 0 0
595 4 0 0 1 0 0 0 0 0
602 18 0 0 0 0 0 0 0 0
608 8 0 0 0 0 0 0 0 0
611 20 0 0 0 0 0 0 0 0
613 1 0 0 0 0 0 0 0 0
619 7 1 1 0 0 0 0 0 0
626 9 1 1 0 0 0 0 0 0
628 2 0 0 0 0 0 0 0 0
630 8 0 0 0 0 0 0 0 0
632 4 0 0 0 0 0 0 0 0
637 1 0 0 0 0 0 0 0 0
639 3 1 1 0 0 0 0 0 0
640 5 0 0 0 0 0 0 0 0
641 1 0 0 0 0 0 0 0 0
657 5 1 1 0 0 0 0 0 0
658 7 1 1 0 0 0 0 0 0
732 2 0 0 0 0 0 0 0 0
735 2 0 0 0 0 0 0 0 0
736 3 1 1 0 0 0 1 0 0
737 1 0 0 0 0 0 1 1 1
740 2 0 0 0 0 0 0 0 0
743 2 0 0 0 0 0 0 0 0
744 4 0 0 0 0 0 1 0 0
745 1 0 0 0 0 0 1 1 1
747 5 0 0 4 0 0 0 0 0
fn=intel_02_known_compare
152 340 1 1 170 8 8 0 0 0
155 164 0 0 0 0 0 0 0 0
156 85 0 0 85 0 0 0 0 0
fn=intel_check_word
163 66 2 2 0 0 0 36 1 1
164 12 0 0 0 0 0 0 0 0
170 40 0 0 0 0 0 0 0 0
172 32 1 1 0 0 0 0 0 0
174 13 1 1 0 0 0 0 0 0
176 26 0 0 0 0 0 0 0 0
184 26 1 1 0 0 0 0 0 0
237 26 0 0 0 0 0 0 0 0
272 13 0 0 0 0 0 13 0 0
273 78 0 0 0 0 0 13 0 0
275 26 0 0 0 0 0 0 0 0
277 12 0 0 3 0 0 0 0 0
279 2 1 1 0 0 0 0 0 0
281 4 0 0 0 0 0 0 0 0
283 4 0 0 2 0 0 0 0 0
291 2 0 0 0 0 0 0 0 0
297 11 0 0 0 0 0 0 0 0
302 48 0 0 42 0 0 0 0 0
fl=/usr/src/debug/glibc-2.12-2-gc4ccff1/string/memmove.c
fn=memmove
46 96 1 1 0 0 0 64 0 0
47 16 0 0 0 0 0 0 0 0
48 16 0 0 0 0 0 0 0 0
52 64 1 1 0 0 0 0 0 0
57 48 0 0 0 0 0 0 0 0
60 8 0 0 0 0 0 0 0 0
61 4 0 0 0 0 0 0 0 0
73 28 1 1 0 0 0 2 0 0
79 180 1 1 24 0 0 24 0 0
109 112 1 1 80 0 0 0 0 0
fl=/usr/src/debug/glibc-2.12-2-gc4ccff1/string/wordcopy.c
fn=_wordcopy_fwd_aligned
38 12 1 1 2 1 1 0 0 0
41 2 1 1 2 0 0 0 0 0
44 6 0 0 0 0 0 0 0 0
45 2 0 0 0 0 0 0 0 0
118 2 1 1 2 0 0 0 0 0
119 2 0 0 0 0 0 2 0 0
122 2 0 0 0 0 0 0 0 0
125 4 0 0 0 0 0 0 0 0
130 4 1 1 2 0 0 2 0 0
fl=/usr/src/debug/glibc-2.12-2-gc4ccff1/wcsmbs/./wcsmbsload.h
fn=btowc
72 384 0 0 128 1 1 0 0 0
74 512 1 1 0 0 0 0 0 0
fl=/usr/src/debug/glibc-2.12-2-gc4ccff1/wcsmbs/btowc.c
fn=btowc
35 1536 1 1 0 0 0 1024 0 0
40 1536 0 0 0 0 0 0 0 0
45 512 1 1 0 0 0 0 0 0
49 384 0 0 384 1 1 0 0 0
50 256 0 0 256 1 1 0 0 0
52 256 0 0 128 1 1 0 0 0
56 512 0 0 128 0 0 0 0 0
60 640 0 0 128 0 0 256 0 0
102 1536 1 1 1280 0 0 0 0 0
fl=/usr/src/debug/glibc-2.12-2-gc4ccff1/wcsmbs/wctob.c
fn=wctob
33 896 1 1 0 0 0 640 0 0
42 256 0 0 0 0 0 0 0 0
47 256 0 0 0 0 0 0 0 0
48 128 0 0 0 0 0 0 0 0
85 896 1 1 768 0 0 0 0 0
fl=/usr/src/debug/glibc-2.12-2-gc4ccff1/wctype/wctype_l.c
fn=wctype_l
28 63 1 1 0 0 0 45 0 0
31 18 0 0 0 0 0 9 0 0
34 36 0 0 18 1 1 0 0 0
35 40 0 0 0 0 0 0 0 0
37 98 0 0 0 0 0 49 0 0
39 391 1 1 158 0 0 0 0 0
42 40 0 0 0 0 0 0 0 0
43 80 0 0 40 0 0 0 0 0
48 18 0 0 18 3 3 0 0 0
49 54 0 0 54 0 0 0 0 0
fl=???
fn=???
0 8332 387 181 4622 194 12 1523 13 8
fn=__cxxabiv1::__si_class_type_info::__do_dyncast(long, __cxxabiv1::__class_type_info::__sub_kind, __cxxabiv1::__class_type_info const*, void const*, __cxxabiv1::__class_type_info const*, void const*, __cxxabiv1::__class_type_info::__dyncast_result&) const
0 4032 18 4 1232 0 0 1008 0 0
fn=__cxxabiv1::__vmi_class_type_info::__do_dyncast(long, __cxxabiv1::__class_type_info::__sub_kind, __cxxabiv1::__class_type_info const*, void const*, __cxxabiv1::__class_type_info const*, void const*, __cxxabiv1::__class_type_info::__dyncast_result&) const
0 5664 59 8 2208 5 1 1632 0 0
fn=__dynamic_cast
0 8736 21 4 2496 27 0 2496 0 0
fn=__gnu_cxx::new_allocator<float>::allocate(unsigned long, void const*)
0 63 4 2 0 0 0 0 0 0
fn=__gnu_cxx::stdio_sync_filebuf<char, std::char_traits<char> >::overflow(int)
0 144 9 2 18 0 0 0 0 0
fn=__gnu_cxx::stdio_sync_filebuf<char, std::char_traits<char> >::sync()
0 42 7 1 21 1 0 0 0 0
fn=__gnu_cxx::stdio_sync_filebuf<char, std::char_traits<char> >::xsputn(char const*, long)
0 90 7 1 18 2 0 0 0 0
fn=__gnu_cxx::stdio_sync_filebuf<wchar_t, std::char_traits<wchar_t> >::sync()
0 6 1 1 3 2 0 0 0 0
fn=__libc_csu_init
0 25 3 2 7 1 0 7 0 0
fn=bool std::has_facet<std::ctype<char> >(std::locale const&)
0 418 8 2 198 5 0 66 0 0
fn=bool std::has_facet<std::ctype<wchar_t> >(std::locale const&)
0 76 2 2 36 0 0 12 0 0
fn=bool std::has_facet<std::num_get<char, std::istreambuf_iterator<char, std::char_traits<char> > > >(std::locale const&)
0 418 13 2 198 4 0 66 0 0
fn=bool std::has_facet<std::num_get<wchar_t, std::istreambuf_iterator<wchar_t, std::char_traits<wchar_t> > > >(std::locale const&)
0 76 1 1 36 1 0 12 0 0
fn=bool std::has_facet<std::num_put<char, std::ostreambuf_iterator<char, std::char_traits<char> > > >(std::locale const&)
0 418 14 2 198 3 0 66 0 0
fn=bool std::has_facet<std::num_put<wchar_t, std::ostreambuf_iterator<wchar_t, std::char_traits<wchar_t> > > >(std::locale const&)
0 76 2 2 36 0 0 12 0 0
fn=boost::numeric::ublas::basic_row_major<unsigned long, long>::element(unsigned long, unsigned long, unsigned long, unsigned long)
0 4512 17 2 940 0 0 752 0 0
fn=boost::numeric::ublas::basic_row_major<unsigned long, long>::storage_size(unsigned long, unsigned long)
0 54 8 4 12 0 0 9 0 0
fn=boost::numeric::ublas::matrix<float, boost::numeric::ublas::basic_row_major<unsigned long, long>, boost::numeric::ublas::unbounded_array<float, std::allocator<float> > >::matrix(unsigned long, unsigned long)
0 84 2 2 9 1 0 21 2 0
fn=boost::numeric::ublas::matrix<float, boost::numeric::ublas::basic_row_major<unsigned long, long>, boost::numeric::ublas::unbounded_array<float, std::allocator<float> > >::operator()(unsigned long, unsigned long)
0 1224 4 2 544 1 0 272 0 0
fn=boost::numeric::ublas::matrix<float, boost::numeric::ublas::basic_row_major<unsigned long, long>, boost::numeric::ublas::unbounded_array<float, std::allocator<float> > >::operator()(unsigned long, unsigned long) const
0 1332 6 1 592 1 0 296 0 0
fn=char* std::string::_S_construct<char*>(char*, char*, std::allocator<char> const&, std::forward_iterator_tag)
0 222 7 4 30 0 0 54 0 0
fn=global constructors keyed to main
0 8 2 1 0 0 0 1 0 0
fn=global constructors keyed to scottgs::MatrixMultiply::MatrixMultiply()
0 8 2 2 0 0 0 1 0 0
fn=main
0 714 42 40 162 4 0 126 0 0
fn=operator delete(void*)
0 78 6 1 0 0 0 0 0 0
fn=operator new(unsigned long)
0 390 2 2 78 1 0 78 0 0
fn=scottgs::MatrixMultiply::MatrixMultiply()
0 1 0 0 1 0 0 0 0 0
fn=scottgs::MatrixMultiply::multiply(boost::numeric::ublas::matrix<float, boost::numeric::ublas::basic_row_major<unsigned long, long>, boost::numeric::ublas::unbounded_array<float, std::allocator<float> > > const&, boost::numeric::ublas::matrix<float, boost:
0 35 4 4 8 0 0 13 0 0
fn=scottgs::MatrixMultiply::operator()(boost::numeric::ublas::matrix<float, boost::numeric::ublas::basic_row_major<unsigned long, long>, boost::numeric::ublas::unbounded_array<float, std::allocator<float> > > const&, boost::numeric::ublas::matrix<float, boos
0 1040 16 16 354 0 0 110 1 0
fn=scottgs::MatrixMultiply::transpose(boost::numeric::ublas::matrix<float, boost::numeric::ublas::basic_row_major<unsigned long, long>, boost::numeric::ublas::unbounded_array<float, std::allocator<float> > > const&) const
0 156 5 5 29 0 0 31 0 0
fn=scottgs::MatrixMultiply::~MatrixMultiply()
0 1 0 0 1 0 0 0 0 0
fn=std::__num_base::_S_format_float(std::ios_base const&, char*, char)
0 1404 8 2 104 0 0 260 0 0
fn=std::__timepunct<char>::_M_initialize_timepunct(__locale_struct*)
0 107 12 12 6 0 0 52 0 0
fn=std::__timepunct<char>::__timepunct(std::__timepunct_cache<char>*, unsigned long)
0 20 2 2 3 0 0 8 1 1
fn=std::__timepunct<wchar_t>::_M_initialize_timepunct(__locale_struct*)
0 105 13 13 5 0 0 51 0 0
fn=std::__timepunct<wchar_t>::__timepunct(std::__timepunct_cache<wchar_t>*, unsigned long)
0 20 2 2 3 0 0 8 1 1
fn=std::basic_ios<char, std::char_traits<char> >::_M_cache_locale(std::locale const&)
0 660 8 3 66 0 0 242 0 0
fn=std::basic_ios<char, std::char_traits<char> >::imbue(std::locale const&)
0 270 11 4 54 2 0 78 0 0
fn=std::basic_ios<char, std::char_traits<char> >::init(std::basic_streambuf<char, std::char_traits<char> >*)
0 352 12 2 48 0 0 160 0 0
fn=std::basic_ios<wchar_t, std::char_traits<wchar_t> >::_M_cache_locale(std::locale const&)
0 120 2 2 12 0 0 44 0 0
fn=std::basic_ios<wchar_t, std::char_traits<wchar_t> >::init(std::basic_streambuf<wchar_t, std::char_traits<wchar_t> >*)
0 88 2 2 12 0 0 40 0 0
fn=std::basic_ostream<char, std::char_traits<char> >& boost::numeric::ublas::operator<< <char, std::char_traits<char>, boost::numeric::ublas::matrix<float, boost::numeric::ublas::basic_row_major<unsigned long, long>, boost::numeric::ublas::unbounded_array<fl
0 2488 93 28 568 8 0 686 2 0
fn=std::basic_ostream<char, std::char_traits<char> >& std::__ostream_insert<char, std::char_traits<char> >(std::basic_ostream<char, std::char_traits<char> >&, char const*, long)
0 5586 35 7 2394 5 0 1140 0 0
fn=std::basic_ostream<char, std::char_traits<char> >& std::operator<< <std::char_traits<char> >(std::basic_ostream<char, std::char_traits<char> >&, char const*)
0 198 2 2 33 0 0 44 0 0
fn=std::basic_ostream<wchar_t, std::char_traits<wchar_t> >::flush()
0 48 2 2 21 10 0 6 0 0
fn=std::basic_streambuf<char, std::char_traits<char> >::imbue(std::locale const&)
0 6 6 1 6 0 0 0 0 0
fn=std::basic_streambuf<char, std::char_traits<char> >::xsputn(char const*, long)
0 5588 55 3 1452 0 0 960 0 0
fn=std::basic_stringbuf<char, std::char_traits<char>, std::allocator<char> >::_M_sync(char*, unsigned long, unsigned long)
0 162 13 3 30 0 0 36 0 0
fn=std::basic_stringbuf<char, std::char_traits<char>, std::allocator<char> >::overflow(int)
0 438 28 7 150 1 0 78 0 0
fn=std::codecvt<char, char, __mbstate_t>::codecvt(unsigned long)
0 15 1 1 3 0 0 5 1 1
fn=std::codecvt<wchar_t, char, __mbstate_t>::codecvt(unsigned long)
0 15 2 2 3 0 0 5 1 1
fn=std::ctype<char> const& std::use_facet<std::ctype<char> >(std::locale const&)
0 1406 2 2 666 0 0 222 0 0
fn=std::ctype<char>::_M_widen_init() const
0 1311 3 3 521 1 0 262 0 0
fn=std::ctype<char>::ctype(unsigned short const*, bool, unsigned long)
0 108 4 4 8 1 1 83 9 9
fn=std::ctype<char>::do_widen(char const*, char const*, char*) const
0 8 1 1 2 0 0 2 0 0
fn=std::ctype<char>::do_widen(char) const
0 2 1 1 1 0 0 0 0 0
fn=std::ctype<wchar_t> const& std::use_facet<std::ctype<wchar_t> >(std::locale const&)
0 76 2 2 36 0 0 12 0 0
fn=std::ctype<wchar_t>::_M_convert_to_wmask(unsigned short) const
0 129 5 5 12 0 0 0 0 0
fn=std::ctype<wchar_t>::_M_initialize_ctype()
0 2886 5 5 5 0 0 810 20 20
fn=std::ctype<wchar_t>::ctype(unsigned long)
0 18 1 1 3 0 0 7 0 0
fn=std::ios_base::Init::Init()
0 294 32 31 51 7 1 177 18 15
fn=std::ios_base::Init::~Init()
0 36 3 3 14 4 0 8 0 0
fn=std::ios_base::_M_call_callbacks(std::ios_base::event)
0 144 14 2 60 1 0 36 0 0
fn=std::ios_base::_M_dispose_callbacks()
0 96 6 2 36 0 0 30 0 0
fn=std::ios_base::_M_init()
0 360 7 2 60 0 0 160 0 0
fn=std::ios_base::imbue(std::locale const&)
0 144 12 2 30 0 0 42 0 0
fn=std::ios_base::ios_base()
0 812 15 3 14 1 0 378 32 15
fn=std::ios_base::~ios_base()
0 108 12 2 18 1 0 24 0 0
fn=std::locale::_Impl::_Impl(unsigned long)
0 810 66 66 133 17 1 406 44 44
fn=std::locale::_Impl::_M_install_facet(std::locale::id const*, std::locale::facet const*)
0 6692 6 6 1960 0 0 224 0 0
fn=std::locale::facet::_S_create_c_locale(__locale_struct*&, char const*, __locale_struct*)
0 9 1 1 2 0 0 3 0 0
fn=std::locale::facet::_S_get_c_locale()
0 436 30 2 249 3 1 63 0 0
fn=std::locale::facet::_S_get_c_name()
0 10 1 1 10 1 0 0 0 0
fn=std::locale::id::_M_id() const
0 1792 1 1 700 6 2 56 0 0
fn=std::locale::locale()
0 1012 14 4 460 4 0 276 1 0
fn=std::locale::locale(std::locale const&)
0 144 6 1 96 1 0 24 0 0
fn=std::locale::operator=(std::locale const&)
0 608 19 3 256 0 0 96 0 0
fn=std::locale::~locale()
0 672 8 2 280 0 0 112 0 0
fn=std::messages<char>::messages(unsigned long)
0 17 1 1 3 0 0 7 1 1
fn=std::messages<wchar_t>::messages(unsigned long)
0 17 2 2 3 0 0 7 0 0
fn=std::moneypunct<char, false>::_M_initialize_moneypunct(__locale_struct*, char const*)
0 112 4 4 37 1 1 31 0 0
fn=std::moneypunct<char, true>::_M_initialize_moneypunct(__locale_struct*, char const*)
0 112 5 5 37 0 0 31 0 0
fn=std::moneypunct<wchar_t, false>::_M_initialize_moneypunct(__locale_struct*, char const*)
0 108 7 7 29 0 0 32 0 0
fn=std::moneypunct<wchar_t, true>::_M_initialize_moneypunct(__locale_struct*, char const*)
0 108 6 6 29 0 0 32 0 0
fn=std::num_get<char, std::istreambuf_iterator<char, std::char_traits<char> > > const& std::use_facet<std::num_get<char, std::istreambuf_iterator<char, std::char_traits<char> > > >(std::locale const&)
0 418 14 2 198 0 0 66 0 0
fn=std::num_get<wchar_t, std::istreambuf_iterator<wchar_t, std::char_traits<wchar_t> > > const& std::use_facet<std::num_get<wchar_t, std::istreambuf_iterator<wchar_t, std::char_traits<wchar_t> > > >(std::locale const&)
0 76 1 1 36 0 0 12 0 0
fn=std::num_put<char, std::ostreambuf_iterator<char, std::char_traits<char> > > const& std::use_facet<std::num_put<char, std::ostreambuf_iterator<char, std::char_traits<char> > > >(std::locale const&)
0 418 3 2 198 0 0 66 0 0
fn=std::num_put<char, std::ostreambuf_iterator<char, std::char_traits<char> > >::do_put(std::ostreambuf_iterator<char, std::char_traits<char> >, std::ios_base&, char, double) const
0 520 2 2 104 0 0 208 0 0
fn=std::num_put<char, std::ostreambuf_iterator<char, std::char_traits<char> > >::do_put(std::ostreambuf_iterator<char, std::char_traits<char> >, std::ios_base&, char, unsigned long) const
0 108 6 1 24 0 0 48 0 0
fn=std::num_put<wchar_t, std::ostreambuf_iterator<wchar_t, std::char_traits<wchar_t> > > const& std::use_facet<std::num_put<wchar_t, std::ostreambuf_iterator<wchar_t, std::char_traits<wchar_t> > > >(std::locale const&)
0 76 2 2 36 0 0 12 0 0
fn=std::numpunct<char>::_M_initialize_numpunct(__locale_struct*)
0 410 5 5 136 6 4 74 0 0
fn=std::numpunct<wchar_t>::_M_initialize_numpunct(__locale_struct*)
0 345 6 6 72 0 0 74 3 3
fn=std::ostream& std::ostream::_M_insert<double>(double)
0 2756 54 5 1092 0 0 728 0 0
fn=std::ostream& std::ostream::_M_insert<unsigned long>(unsigned long)
0 726 6 6 276 1 0 180 0 0
fn=std::ostream::flush()
0 336 7 1 147 5 0 42 0 0
fn=std::ostream::put(char)
0 630 6 4 306 0 0 108 0 0
fn=std::ostream::sentry::sentry(std::ostream&)
0 4116 2 2 1372 8 0 980 0 0
fn=std::ostreambuf_iterator<char, std::char_traits<char> > std::num_put<char, std::ostreambuf_iterator<char, std::char_traits<char> > >::_M_insert_float<double>(std::ostreambuf_iterator<char, std::char_traits<char> >, std::ios_base&, char, char, double) cons
0 5824 17 10 1248 1 0 1560 0 0
fn=std::ostreambuf_iterator<char, std::char_traits<char> > std::num_put<char, std::ostreambuf_iterator<char, std::char_traits<char> > >::_M_insert_int<unsigned long>(std::ostreambuf_iterator<char, std::char_traits<char> >, std::ios_base&, char, unsigned long
0 996 24 7 240 0 0 276 0 0
fn=std::string::_Rep::_M_clone(std::allocator<char> const&, unsigned long)
0 174 3 3 48 0 0 42 0 0
fn=std::string::_Rep::_M_destroy(std::allocator<char> const&)
0 12 6 1 0 0 0 0 0 0
fn=std::string::_Rep::_S_create(unsigned long, unsigned long, std::allocator<char> const&)
0 228 3 3 24 0 0 48 0 0
fn=std::string::assign(std::string const&)
0 168 10 3 42 0 0 18 0 0
fn=std::string::reserve(unsigned long)
0 150 8 3 48 0 0 24 0 0
fn=std::string::swap(std::string&)
0 66 2 2 30 0 0 12 0 0
fn=std::vector<float, std::allocator<float> >::_M_insert_aux(__gnu_cxx::__normal_iterator<float*, std::vector<float, std::allocator<float> > >, float const&)
0 594 8 8 112 0 0 110 0 0
fn=unsigned long boost::numeric::ublas::same_impl_ex<unsigned long>(unsigned long const&, unsigned long const&, char const*, int)
0 196 1 1 84 0 0 42 0 0
fn=void boost::numeric::ublas::indexing_matrix_assign<boost::numeric::ublas::scalar_assign, boost::numeric::ublas::matrix<float, boost::numeric::ublas::basic_row_major<unsigned long, long>, boost::numeric::ublas::unbounded_array<float, std::allocator<float> 
0 792 7 6 259 1 0 194 0 0
summary: 1676723 3533 1695 415303 9674 5344 156673 1394 1026
